36
152 103 3.19068 2
285 136 5.39961 2
192 147 2.84707 1
299 153 2.28256 2
308 163 5.39961 2
136 172 0.00000 1
323 183 2.15984 2
164 216 2.96979 1
227 216 5.39961 1
137 217 6.25864 2
170 240 2.92070 2
125 248 0.19635 2
260 251 2.18439 2
48 255 0.73631 2
316 260 5.27689 2
174 271 2.62618 1
141 295 4.22152 2
222 295 2.15984 2
122 298 4.07425 1
163 300 5.17872 1
148 309 4.78602 1
128 324 4.17243 1
141 338 4.44241 1
147 352 4.39332 1
144 361 1.22718 1
216 371 2.45437 1
135 372 0.09817 1
171 374 2.89616 1
84 382 0.49087 1
232 389 2.62618 1
194 390 2.79798 1
32 399 0.63814 2
286 413 2.45437 2
89 423 0.26998 1
263 431 2.72435 2
149 432 3.38703 1
