36
192 89 2.96979 1
337 109 5.54687 1
143 120 0.14726 1
234 157 5.57142 2
175 158 3.21522 1
148 164 0.09817 2
185 182 3.04342 2
274 184 2.28256 2
142 195 0.26998 2
332 202 5.39961 1
194 212 2.74889 1
354 229 2.23348 1
243 232 2.20893 2
164 240 4.39332 2
187 243 5.30144 1
147 245 4.22152 1
173 253 4.93328 1
154 273 4.39332 1
170 283 4.61421 1
183 294 4.98237 2
176 308 1.32536 1
246 309 2.52800 1
203 318 2.96979 1
170 319 0.22089 1
265 326 2.74889 1
227 331 2.89616 1
121 337 0.68722 1
318 345 2.52800 2
92 355 0.83449 1
358 357 5.96412 1
93 360 0.46633 1
300 367 2.77344 2
199 385 3.70610 1
199 389 0.88357 2
326 407 2.87161 2
243 420 3.36249 1
