35
124 81 3.38703 2
170 117 2.96979 1
122 149 0.14726 1
61 182 4.44241 1
220 182 5.57142 1
153 187 3.21522 1
59 189 1.27627 1
128 193 0.14726 2
165 210 3.06796 2
255 210 2.30711 2
324 220 5.37507 1
122 224 0.31907 2
174 240 2.74889 1
52 242 0.98175 2
224 257 2.25802 2
147 268 4.34423 2
170 272 5.30144 1
129 273 4.27060 1
155 281 4.93328 1
138 300 4.34423 1
153 312 4.56513 1
161 330 4.49150 1
160 334 1.32536 1
231 336 2.55254 1
187 345 3.01887 1
153 347 0.22089 1
248 351 2.79798 1
212 357 2.92070 1
105 366 0.68722 1
303 368 2.57709 2
284 390 2.82252 2
110 402 0.39270 2
178 408 3.48520 1
185 410 3.82882 1
185 415 0.85903 2
