36
138 82 6.23410 1
244 105 5.54687 2
289 105 2.42983 2
260 119 2.42983 2
154 127 2.96979 1
269 128 5.57142 2
104 159 0.14726 1
201 196 5.49779 1
137 199 3.06796 1
110 203 0.04909 2
145 223 2.96979 2
236 226 2.25802 2
294 230 5.44870 2
101 235 0.26998 2
154 254 2.69981 1
329 264 5.54687 2
318 266 2.25802 1
204 274 2.20893 2
340 274 2.33165 2
124 280 4.36878 2
147 284 5.30144 1
106 285 4.29515 1
132 293 4.95783 1
115 314 4.34423 1
131 324 4.56513 1
208 349 2.55254 1
164 356 3.01887 1
133 358 0.19635 1
228 366 2.74889 1
190 370 2.89616 1
283 381 2.62618 2
92 383 0.58905 1
328 388 5.96412 1
262 400 2.92070 2
161 418 3.48520 1
299 439 2.89616 2
