37
158 74 5.86594 1
343 107 6.01320 2
187 117 3.38703 2
235 152 3.01887 1
187 185 0.09817 1
110 194 3.85336 2
128 218 3.87790 1
286 219 5.57142 1
218 224 3.26431 1
195 230 0.12272 2
321 246 2.33165 2
229 247 3.06796 2
379 249 5.47324 2
189 261 0.31907 2
240 276 2.79798 1
114 279 0.88357 2
292 294 2.28256 2
215 306 4.29515 2
237 309 5.39961 1
196 311 4.27060 1
223 318 4.95783 1
206 336 4.39332 1
400 346 2.42983 1
222 347 4.66330 1
236 358 5.05600 2
234 368 0.39270 1
301 370 2.57709 1
257 379 3.01887 1
225 381 0.19635 1
321 386 2.79798 1
282 391 2.92070 1
172 397 0.56450 1
374 402 2.55254 2
103 412 0.44179 2
350 427 2.89616 1
173 432 0.34361 2
241 438 3.43612 1
