32
258 65 2.52800 2
257 83 2.47891 2
135 123 3.14159 1
279 125 5.69414 1
191 186 5.69414 1
126 197 3.26431 1
229 209 2.45437 2
290 209 5.57142 2
138 221 3.11705 2
319 242 2.40528 1
153 250 2.84707 1
206 261 2.38074 2
132 281 4.49150 2
155 282 5.44870 1
113 286 4.51604 1
368 287 2.89616 1
142 294 5.15418 1
146 324 4.83511 1
227 337 2.69981 1
163 344 3.43612 1
149 348 1.66897 1
248 350 2.92070 1
186 352 3.21522 1
304 353 2.69981 1
215 361 3.06796 1
343 369 6.13592 2
292 384 2.96979 2
323 412 3.01887 1
198 418 4.71239 1
311 435 3.36249 2
289 439 3.31340 1
317 445 0.14726 1
