43
267 150 5.74322 2
306 156 2.57709 2
247 171 5.71868 2
302 171 2.62618 2
281 175 5.69414 2
236 182 5.79231 2
255 193 2.57709 2
312 194 2.62618 2
163 200 3.01887 1
306 203 5.74322 1
299 209 2.40528 2
119 235 0.22089 1
221 263 5.62051 1
154 271 3.26431 1
129 279 0.19635 2
257 286 2.47891 2
317 288 5.62051 2
167 294 3.09251 2
128 310 0.39270 2
356 319 5.96412 1
179 322 2.84707 1
370 323 2.67526 2
354 332 2.45437 2
231 335 2.38074 2
157 352 4.51604 2
180 354 5.44870 1
326 354 6.01320 1
338 356 2.77344 2
395 357 3.01887 1
140 360 4.49150 1
167 363 5.10509 1
153 385 4.61421 1
171 395 4.83511 1
252 410 2.69981 1
183 411 5.30144 1
273 422 2.92070 1
213 423 3.14159 1
184 424 0.85903 2
179 430 0.39270 1
330 432 2.69981 2
238 433 3.01887 1
377 434 6.23410 1
315 453 3.06796 2
