64
174 16 0.26998 1
88 19 0.83449 1
353 24 5.08054 2
320 31 5.84140 2
275 40 5.49779 1
53 43 0.58905 2
141 50 0.61359 2
83 70 4.22152 1
222 79 5.71868 1
221 84 3.01887 1
216 86 6.06229 2
317 95 5.15418 1
174 106 0.34361 2
134 110 1.05538 2
335 115 2.20893 2
185 118 5.81686 2
300 124 4.95783 1
319 125 5.27689 2
227 129 2.06167 2
190 135 5.00691 1
184 136 3.97608 1
186 147 4.14788 1
347 151 1.84078 1
136 154 0.95720 1
184 156 4.31969 2
344 166 1.42353 2
182 177 4.19697 2
154 183 4.09880 1
211 183 1.39899 2
165 196 0.56450 2
337 196 5.37507 1
305 198 4.49150 1
339 200 5.08054 2
326 201 4.58967 2
345 201 4.31969 2
166 202 0.98175 2
156 203 3.92699 1
344 205 0.04909 1
165 206 0.83449 1
347 211 4.83511 1
106 212 0.80994 2
286 234 4.24606 2
289 242 1.27627 2
247 246 4.07425 1
69 252 0.53996 1
257 252 1.15355 2
104 256 0.36816 2
257 259 1.61988 1
347 259 3.55884 2
330 260 4.44241 1
250 262 4.07425 1
78 264 0.26998 1
348 264 2.50346 2
313 272 0.41724 2
246 274 3.97608 2
260 275 0.90812 2
296 283 0.44179 1
330 292 3.19068 2
348 295 5.44870 2
98 300 0.22089 1
339 305 5.15418 2
280 312 0.19635 2
228 315 0.19635 1
268 337 0.09817 1
