70
163 24 0.61359 2
360 24 5.86594 1
91 37 3.87790 2
28 40 0.90812 2
37 42 0.80994 1
91 45 4.24606 2
249 56 5.91503 1
263 60 2.62618 2
342 68 5.05600 1
263 71 5.15418 1
196 74 0.26998 1
177 76 1.07992 2
328 87 1.84078 1
348 87 2.11076 2
360 90 2.13530 2
205 94 3.90245 2
318 95 5.49779 2
367 98 2.01258 1
206 100 3.28885 2
248 101 2.11076 2
326 104 5.00691 1
333 104 5.17872 1
191 106 0.39270 2
337 107 5.27689 2
357 113 5.27689 1
206 125 4.71239 1
157 127 0.90812 1
207 131 4.24606 2
175 136 4.14788 1
171 148 4.41786 2
203 153 4.17243 2
185 154 1.27627 2
232 158 1.34990 2
362 162 5.71868 2
173 166 4.12334 2
337 169 4.36878 2
174 170 4.27060 2
187 171 1.17810 2
170 175 1.39899 1
127 186 0.83449 2
67 208 0.78540 2
304 208 4.22152 1
276 215 4.02517 2
313 215 1.32536 2
351 219 4.90874 2
360 223 5.20326 1
84 225 0.53996 2
341 229 4.22152 1
265 230 0.90812 2
119 233 0.39270 2
99 238 0.22089 1
352 243 1.76715 1
270 244 0.71177 2
331 247 0.93266 2
338 250 0.63814 2
364 251 2.55254 2
370 253 5.98866 2
309 258 0.71177 2
359 261 6.06229 1
276 271 0.46633 2
121 274 0.26998 1
228 278 0.31907 1
245 285 0.17181 2
303 287 0.19635 2
139 288 0.22089 1
291 311 0.09817 1
317 344 4.56513 1
306 345 3.70610 1
324 347 4.78602 1
274 350 3.06796 1
