88
273 24 5.47324 1
317 26 5.71868 2
143 39 0.58905 1
76 54 3.01887 1
136 58 4.93328 2
79 60 1.10447 1
133 62 4.58967 2
224 66 5.42416 1
131 68 0.90812 2
305 72 5.00691 2
146 78 3.97608 2
127 81 4.02517 1
116 92 0.93266 2
174 92 0.31907 2
126 105 1.03084 2
179 109 6.11138 2
215 110 2.30711 1
288 110 4.90874 2
361 125 1.84078 1
177 131 4.39332 2
353 133 5.08054 2
339 140 1.71806 1
360 143 5.27689 1
180 145 4.24606 2
357 149 5.00691 1
135 150 0.90812 2
149 151 4.12334 1
336 155 1.32536 2
349 159 5.17872 1
205 169 1.34990 2
136 170 0.80994 2
344 179 2.35619 2
359 179 2.01258 1
295 188 4.44241 1
316 189 4.56513 2
336 191 5.44870 2
345 201 5.71868 1
99 202 0.85903 2
352 210 5.57142 2
276 221 4.24606 2
355 223 5.42416 2
346 226 5.00691 1
279 228 1.32536 2
328 237 4.73693 2
325 243 4.83511 2
352 246 2.03713 2
85 247 0.00000 1
91 248 0.36816 2
238 250 4.09880 1
79 252 2.92070 1
247 254 1.00629 2
320 254 0.46633 2
340 255 2.25802 2
327 256 1.69351 1
312 258 0.88357 1
365 258 2.18439 1
243 260 0.83449 1
305 267 6.23410 1
272 273 0.61359 2
312 274 3.36249 1
244 279 0.61359 1
194 294 0.36816 1
93 297 0.34361 2
106 304 0.19635 1
215 306 0.22089 1
272 306 0.22089 1
111 327 6.25864 2
256 327 0.14726 1
226 350 0.00000 2
256 360 6.03775 1
276 368 3.01887 2
252 369 2.57709 2
213 375 3.68155 2
276 378 5.93957 1
111 379 0.07363 2
294 382 6.01320 2
247 383 6.25864 2
269 385 3.09251 2
205 386 3.63247 2
185 401 0.44179 1
217 404 0.17181 2
252 407 6.08684 1
221 408 0.56450 2
237 412 3.36249 2
287 419 3.58338 2
247 433 3.06796 1
259 450 0.29452 2
287 452 1.27627 1
