59
286 19 5.44870 1
330 24 5.49779 2
158 30 0.56450 1
216 43 5.84140 1
223 49 2.74889 2
359 55 1.69351 2
148 64 0.71177 1
239 64 5.25235 1
375 68 2.11076 1
313 76 4.95783 1
144 81 4.12334 2
182 85 0.29452 2
134 94 0.88357 2
190 98 3.85336 2
190 104 6.16047 2
224 106 2.20893 1
298 109 4.83511 2
169 115 0.63814 2
188 134 4.56513 1
350 137 1.79169 1
187 138 4.22152 2
116 142 0.85903 1
163 142 3.90245 2
343 154 1.25173 2
357 156 5.05600 1
150 159 0.88357 1
210 165 1.27627 2
339 166 0.90812 1
334 174 5.62051 2
367 179 2.01258 1
301 185 4.39332 1
335 186 0.29452 2
343 190 5.35052 2
104 193 0.88357 2
316 195 4.49150 1
350 199 5.17872 1
280 219 4.22152 2
361 223 5.47324 2
284 224 1.30082 2
351 227 5.05600 1
332 237 5.20326 2
331 241 4.81056 2
357 246 2.06167 2
343 253 2.18439 2
322 254 0.07363 2
246 256 0.80994 1
326 256 1.15355 1
317 257 0.83449 1
308 265 6.23410 1
281 272 0.58905 1
314 273 3.31340 1
246 282 0.51542 2
196 289 0.31907 1
108 298 0.22089 1
218 302 0.22089 1
275 303 0.19635 1
257 323 0.04909 1
114 327 0.00000 1
267 383 3.14159 2
