91
130 17 3.73064 1
307 18 5.64505 1
178 53 0.26998 1
276 81 5.47324 1
144 85 0.61359 2
87 97 4.12334 2
164 115 4.44241 2
222 118 5.54687 1
173 124 0.19635 1
242 126 5.00691 2
237 128 2.23348 2
316 134 5.10509 1
162 155 4.34423 2
186 155 5.62051 2
301 156 4.95783 2
178 157 5.25235 2
325 157 1.93895 1
312 161 2.01258 2
308 162 1.74260 2
188 163 5.15418 2
318 166 5.32598 2
224 167 2.08621 2
177 182 4.41786 2
365 183 2.08621 2
358 185 1.59534 2
149 190 4.27060 2
347 191 1.88986 1
164 192 0.58905 2
361 195 5.00691 1
181 196 4.34423 2
135 198 4.56513 2
139 198 4.34423 2
173 214 4.34423 1
148 219 4.31969 2
160 221 1.27627 2
136 223 0.53996 2
206 224 1.30082 2
148 233 4.24606 2
162 237 1.42353 2
304 237 4.44241 1
163 241 1.00629 2
342 241 4.63876 2
325 244 4.73693 2
162 246 0.85903 1
113 249 0.83449 1
328 249 4.83511 2
353 252 5.66959 1
335 256 1.69351 2
359 260 5.32598 2
346 267 5.03146 2
283 274 4.24606 2
287 281 3.77973 2
244 283 4.66330 1
324 283 4.54058 2
336 285 5.35052 2
60 287 0.46633 2
254 293 1.22718 2
103 294 6.06229 2
241 294 4.31969 2
345 294 2.99433 1
113 296 0.44179 1
358 296 1.98804 2
329 297 4.90874 2
106 300 3.01887 1
75 302 0.26998 1
239 304 4.34423 1
255 305 1.30082 2
242 307 1.96350 2
312 309 4.34423 2
242 315 4.31969 2
256 316 0.90812 2
340 317 2.35619 2
283 323 0.66268 2
313 323 3.58338 1
345 329 5.32598 1
357 330 5.44870 1
323 335 5.93957 2
338 338 5.15418 1
95 339 0.26998 1
358 350 2.06167 1
278 352 0.19635 2
320 361 3.26431 1
328 371 2.47891 2
323 374 2.25802 2
265 376 0.09817 1
312 387 5.59596 2
300 398 5.10509 2
278 404 5.20326 1
292 404 4.93328 1
256 438 1.57080 1
245 443 0.53996 2
