133
156 23 0.14726 1
137 41 3.58338 1
329 43 0.14726 1
337 50 0.00000 1
100 51 0.49087 1
69 67 3.38703 2
345 68 5.39961 1
153 90 0.36816 2
252 104 5.47324 1
321 115 4.71239 2
303 118 2.28256 1
125 120 0.58905 1
299 127 2.28256 1
335 131 5.15418 1
218 133 5.44870 2
63 134 4.12334 1
314 137 4.66330 2
147 143 4.12334 2
202 148 5.69414 1
219 148 2.92070 2
308 149 4.90874 2
286 150 1.71806 2
199 154 5.32598 1
131 155 4.12334 2
214 155 5.74322 2
154 156 3.60792 2
287 156 1.10447 2
117 158 0.68722 2
126 158 3.97608 2
302 158 4.66330 2
143 160 0.76085 2
218 164 5.00691 1
243 167 2.08621 2
295 167 4.88419 2
330 167 5.10509 2
230 168 2.25802 2
364 168 1.76715 2
307 170 5.10509 2
158 173 0.14726 2
278 175 1.44808 2
211 177 2.15984 2
244 180 4.73693 2
345 180 1.88986 1
161 183 5.79231 1
338 187 1.96350 2
307 189 2.06167 1
178 190 5.37507 2
227 190 1.59534 2
359 191 1.34990 1
101 192 1.03084 2
158 193 5.17872 2
144 195 4.12334 1
276 196 4.95783 1
163 199 5.00691 1
203 199 2.06167 2
297 199 1.30082 2
143 202 1.32536 2
342 202 1.71806 1
190 205 2.15984 2
155 212 4.39332 2
334 212 5.17872 2
312 213 4.71239 1
125 220 3.87790 2
315 220 1.54625 2
149 221 1.69351 1
107 224 0.88357 1
140 224 0.41724 2
150 229 3.97608 1
110 235 0.78540 2
344 243 5.76777 1
314 246 1.27627 2
142 249 3.90245 1
308 254 1.34990 2
145 255 4.27060 1
178 263 1.17810 2
319 266 5.27689 1
277 268 4.49150 1
144 269 1.07992 1
119 270 0.73631 1
319 270 5.20326 2
129 271 3.92699 1
324 271 5.62051 2
298 272 1.34990 2
73 274 0.80994 1
135 275 1.10447 1
228 285 4.22152 1
314 287 4.93328 2
364 287 5.32598 2
335 290 5.57142 2
307 295 4.78602 1
350 301 5.37507 1
362 304 2.47891 1
222 307 4.02517 1
274 311 4.07425 2
217 315 4.07425 2
224 315 1.12901 1
235 315 4.04971 2
309 321 4.90874 2
265 324 0.98175 2
337 324 2.13530 2
63 327 0.29452 2
319 329 2.79798 2
308 333 3.97608 1
352 336 2.30711 1
177 337 0.17181 2
188 338 2.18439 1
210 340 0.85903 1
184 341 0.93266 2
297 343 0.46633 2
194 344 3.41157 1
306 345 1.66897 2
285 348 0.73631 1
175 350 0.51542 2
281 352 3.65701 1
297 353 3.26431 1
263 354 0.66268 1
278 356 0.53996 2
178 362 0.46633 2
216 369 0.44179 2
68 370 0.26998 1
175 373 0.26998 1
198 384 0.19635 1
256 384 0.19635 1
82 390 0.31907 2
231 400 0.09817 2
90 405 0.00000 2
211 428 0.04909 2
63 430 0.00000 1
176 446 3.41157 1
185 446 4.29515 2
161 452 3.41157 2
109 453 6.18501 2
263 455 6.23410 1
