108
138 37 3.58338 2
86 46 0.80994 1
327 52 0.09817 1
190 55 3.43612 1
317 55 2.74889 1
274 60 5.86594 2
336 60 0.00000 2
343 66 0.71177 2
174 72 0.22089 2
160 88 3.55884 2
125 101 0.49087 1
178 136 0.36816 1
276 156 5.49779 1
345 167 4.68785 2
327 169 2.30711 1
150 171 0.56450 1
363 177 5.08054 2
323 178 2.28256 1
88 184 4.04971 1
338 189 4.68785 2
316 190 2.11076 1
226 200 6.06229 1
337 204 5.05600 1
156 207 3.75518 2
166 207 0.09817 1
226 207 3.36249 1
311 207 1.37445 2
142 210 4.56513 2
150 210 1.17810 2
326 210 4.44241 2
169 211 1.25173 2
228 215 2.20893 2
239 215 5.17872 1
253 218 2.13530 2
330 221 5.10509 2
131 234 0.98175 2
384 241 1.84078 1
158 243 0.93266 2
205 244 5.27689 2
339 246 1.88986 2
169 247 4.12334 1
194 247 5.27689 1
290 247 4.88419 1
227 248 2.13530 2
328 250 1.79169 1
188 251 5.00691 1
375 251 5.35052 2
333 254 4.19697 1
171 255 1.17810 1
215 256 2.15984 2
329 261 1.03084 1
343 261 5.08054 2
180 263 4.39332 2
348 264 2.01258 1
333 265 5.49779 1
337 269 2.35619 1
149 273 3.87790 2
133 275 0.88357 1
327 279 5.00691 2
183 280 4.12334 2
336 281 4.88419 2
138 282 0.71177 2
332 282 5.12963 2
166 300 3.90245 1
154 303 4.41786 2
174 306 4.00062 2
329 306 1.71806 1
205 310 1.22718 2
168 314 0.71177 2
302 317 4.44241 1
321 321 1.15355 2
96 324 0.73631 1
345 325 4.71239 1
366 325 2.87161 2
346 333 5.03146 2
338 335 1.57080 1
358 336 6.08684 1
335 341 5.54687 1
338 344 5.25235 2
364 354 5.96412 2
334 357 5.25235 1
243 361 4.27060 1
235 371 5.17872 1
252 372 1.20264 2
333 373 4.00062 1
348 375 2.13530 2
344 376 1.86532 2
87 377 0.31907 2
240 377 1.81623 2
215 379 0.26998 2
329 379 0.61359 2
249 381 1.49717 1
201 382 0.04909 1
325 382 0.83449 1
309 389 0.44179 2
291 390 0.41724 2
286 392 0.71177 1
323 398 3.36249 1
219 403 3.48520 2
293 404 3.55884 2
240 410 3.43612 1
95 417 0.22089 1
205 421 0.31907 1
284 431 0.26998 1
231 432 0.98175 1
107 439 0.26998 2
243 441 3.14159 1
264 447 0.17181 2
