69
314 33 5.47324 1
174 42 0.61359 2
115 59 4.14788 2
227 59 0.00000 2
253 60 2.96979 2
250 68 5.91503 1
289 71 5.32598 2
173 74 0.68722 1
277 77 2.50346 2
345 77 1.66897 2
300 86 2.11076 2
276 87 5.10509 1
343 91 1.20264 1
211 94 0.22089 2
349 100 0.36816 2
345 101 6.13592 1
216 108 4.04971 2
337 110 5.47324 2
219 115 0.12272 2
261 115 2.18439 2
250 117 2.57709 1
248 121 1.74260 2
348 122 4.95783 1
358 124 5.05600 1
198 125 0.58905 2
369 129 5.05600 1
218 135 3.65701 1
220 141 4.00062 1
168 143 0.90812 1
219 145 4.24606 2
198 146 0.63814 2
380 153 1.39899 2
214 169 4.07425 2
193 172 3.97608 2
243 176 1.30082 2
80 183 0.68722 2
178 186 1.12901 2
361 189 5.15418 2
340 192 4.39332 1
98 195 3.68155 2
135 195 0.85903 1
187 198 0.73631 2
76 222 0.66268 2
314 226 4.14788 1
286 231 4.34423 2
322 231 1.22718 2
371 233 5.05600 2
289 241 1.10447 2
82 244 0.53996 1
93 245 0.49087 1
365 248 4.14788 1
124 252 0.31907 1
365 252 4.27060 2
107 254 0.44179 1
276 256 0.90812 1
380 256 1.96350 2
84 261 3.38703 1
317 268 0.73631 1
348 268 1.10447 1
103 272 3.70610 1
351 277 3.38703 1
101 282 0.41724 1
285 287 0.46633 2
125 290 0.26998 1
234 293 0.31907 1
143 302 0.19635 1
251 302 0.22089 2
310 304 0.26998 2
296 328 0.09817 1
