126
198 43 5.98866 2
209 49 2.77344 1
342 56 5.81686 2
130 57 6.13592 1
24 64 0.56450 1
387 80 2.45437 1
169 93 5.91503 1
113 109 6.06229 1
391 113 2.52800 2
154 141 6.23410 1
419 144 2.35619 2
171 145 2.72435 2
201 148 5.76777 2
188 149 5.37507 1
164 151 2.67526 1
238 152 2.92070 2
88 155 5.96412 2
155 156 5.76777 2
422 156 2.57709 2
111 158 5.74322 2
223 158 3.14159 2
425 159 2.18439 1
193 161 2.23348 2
212 162 2.65072 2
151 163 6.01320 1
113 165 6.13592 2
165 166 2.38074 2
206 167 6.25864 2
175 168 2.57709 2
84 172 2.99433 2
131 172 5.84140 1
99 175 5.96412 2
222 175 6.20955 2
365 178 2.79798 2
131 181 2.60163 2
134 197 2.72435 2
170 197 2.72435 2
42 199 0.24544 2
168 201 5.71868 2
45 202 0.49087 2
172 208 5.69414 2
99 210 3.01887 1
19 215 0.49087 2
304 215 2.69981 1
234 216 2.99433 2
403 216 2.96979 1
98 221 6.03775 2
213 221 2.69981 2
188 227 2.60163 2
124 228 2.82252 2
212 236 6.20955 2
46 237 0.26998 2
135 242 3.01887 1
401 246 3.26431 1
139 253 5.96412 2
433 265 3.31340 2
142 272 5.89049 2
198 276 2.77344 2
128 283 3.41157 2
32 288 0.02454 2
70 292 4.04971 1
150 295 3.43612 2
36 296 0.66268 2
140 300 2.55254 1
221 300 2.87161 2
146 303 0.29452 1
336 303 3.06796 1
310 309 3.14159 1
222 333 2.99433 2
26 334 0.09817 1
417 336 3.73064 1
86 337 3.16614 2
169 339 2.96979 1
104 343 2.96979 2
414 344 3.97608 2
73 348 2.96979 1
404 354 4.02517 1
392 356 3.38703 1
425 356 1.39899 1
293 363 3.31340 2
362 365 3.82882 2
41 370 3.28885 2
49 370 5.79231 2
161 373 3.14159 1
381 374 4.22152 2
348 377 4.17243 1
409 377 0.78540 2
67 381 6.01320 1
341 383 3.82882 2
82 388 3.06796 2
300 389 0.09817 1
263 390 3.63247 2
337 390 3.53429 2
320 391 0.17181 2
310 395 2.87161 2
51 396 2.57709 1
385 396 0.68722 1
271 397 0.09817 1
40 399 2.79798 1
30 400 5.84140 1
408 403 0.14726 1
331 404 0.93266 2
264 405 3.06796 2
90 406 3.43612 2
288 406 3.06796 1
279 407 3.53429 2
385 408 0.56450 1
35 409 2.40528 2
225 413 3.31340 1
270 422 0.53996 2
428 422 3.31340 1
82 424 0.09817 1
282 425 0.36816 2
425 425 4.09880 2
126 427 0.00000 1
222 427 0.93266 2
355 429 2.50346 2
206 432 3.60792 2
357 433 3.33794 2
348 443 0.22089 2
301 447 3.31340 1
305 453 3.68155 1
372 456 0.09817 1
304 457 0.85903 2
351 458 3.53429 2
357 458 3.14159 1
