119
204 19 0.09817 1
66 21 0.09817 1
232 21 3.21522 2
217 24 0.04909 1
298 27 2.55254 2
49 28 0.93266 2
123 33 6.20955 1
136 34 3.04342 1
82 35 3.28885 2
301 36 3.06796 1
277 38 6.11138 2
27 41 0.90812 2
53 41 0.22089 2
225 43 6.03775 1
89 44 6.13592 1
308 44 3.14159 1
236 46 2.87161 1
300 46 6.23410 2
118 49 2.92070 1
49 52 0.04909 1
315 52 3.16614 2
306 55 6.18501 1
130 56 3.53429 2
112 58 3.36249 2
124 61 0.19635 1
95 62 3.06796 1
135 65 6.08684 1
113 70 6.13592 1
100 77 6.18501 1
191 77 2.89616 1
132 81 2.92070 1
24 86 6.13592 1
121 88 3.06796 2
40 97 0.04909 1
156 100 3.06796 1
232 102 5.42416 1
178 104 6.16047 1
226 104 6.25864 2
186 105 2.99433 1
252 106 5.96412 1
308 112 5.84140 1
298 124 2.69981 1
425 132 2.01258 1
295 140 5.96412 1
95 146 6.23410 1
351 158 2.55254 1
134 179 5.96412 1
357 183 2.67526 1
79 198 6.13592 1
313 217 2.92070 2
367 223 2.89616 1
122 226 6.01320 1
340 226 2.79798 1
285 227 6.01320 1
135 228 2.79798 2
223 228 2.99433 2
314 228 6.01320 1
354 230 6.18501 1
236 231 2.72435 1
172 233 5.30144 2
204 233 2.99433 2
173 237 6.16047 1
130 239 2.87161 2
187 239 3.26431 2
126 243 5.91503 2
213 246 6.13592 2
333 249 2.82252 2
77 253 3.14159 1
178 254 6.08684 1
191 254 0.00000 2
135 265 3.14159 2
75 269 6.08684 1
95 273 2.92070 1
284 282 5.91503 2
150 283 5.74322 2
371 283 3.01887 1
61 286 3.26431 1
272 287 2.74889 1
307 289 2.89616 2
124 291 0.02454 2
181 297 2.82252 2
109 303 3.23977 2
156 306 3.06796 2
126 311 3.14159 2
369 323 3.31340 1
400 323 3.36249 1
145 324 6.23410 2
20 326 0.24544 2
260 329 2.96979 1
271 331 6.13592 1
117 332 0.00000 2
70 333 3.31340 1
88 340 0.04909 2
118 349 5.93957 2
431 351 3.31340 1
97 353 3.36249 1
108 358 4.22152 1
115 362 5.79231 1
117 367 5.03146 2
311 368 3.14159 1
200 371 2.96979 2
112 374 0.63814 2
287 376 3.14159 1
94 380 1.03084 1
109 381 0.26998 2
113 382 1.12901 2
103 383 0.83449 1
43 393 0.98175 1
394 402 4.02517 2
202 403 3.01887 2
151 412 3.06796 1
51 419 3.70610 2
342 435 4.27060 1
392 436 0.83449 2
329 440 4.22152 1
145 446 3.21522 1
320 447 4.02517 2
247 456 0.04909 2
415 457 3.53429 1
