118
168 32 2.92070 1
55 40 0.71177 2
305 44 2.50346 2
76 46 0.09817 1
158 46 6.13592 1
178 49 2.96979 1
58 51 0.58905 1
113 55 3.06796 1
143 57 6.01320 1
71 58 0.00000 2
150 59 2.84707 1
308 62 2.87161 2
28 69 4.27060 1
346 71 5.89049 1
335 73 0.00000 2
313 74 5.86594 1
33 76 4.29515 1
286 84 6.01320 2
306 86 3.01887 1
323 87 5.91503 1
317 88 2.47891 1
326 91 2.77344 2
70 93 3.21522 1
50 97 0.02454 2
318 101 6.06229 1
53 113 2.89616 2
239 113 5.86594 2
256 120 2.74889 2
91 122 6.18501 1
63 123 3.21522 1
115 125 2.96979 1
311 127 6.08684 2
321 128 2.23348 2
27 134 6.08684 1
89 138 3.06796 1
135 139 6.13592 1
181 146 2.96979 1
99 150 6.18501 1
80 152 3.31340 1
18 153 0.31907 1
145 156 2.92070 1
87 159 6.25864 2
113 160 3.09251 2
178 161 5.44870 1
363 168 2.84707 1
191 170 2.74889 2
157 171 3.06796 1
226 172 5.91503 1
48 173 0.14726 1
361 176 5.84140 2
351 179 2.20893 1
303 185 5.79231 1
306 211 2.72435 2
290 217 6.06229 1
89 220 0.00000 1
302 228 5.74322 1
354 231 2.57709 2
128 251 5.96412 1
344 257 5.49779 2
314 264 2.52800 2
357 269 2.33165 2
69 271 6.18501 1
346 271 2.55254 1
305 295 2.89616 2
110 300 5.86594 2
130 300 5.00691 2
300 300 6.06229 2
378 305 2.89616 1
122 306 2.79798 1
139 306 5.54687 2
390 307 6.08684 1
197 308 2.89616 2
208 310 2.72435 1
54 311 6.08684 1
150 312 2.57709 2
235 313 3.01887 2
423 313 2.96979 1
158 314 2.72435 1
182 314 3.06796 2
229 319 6.11138 2
76 322 2.92070 1
205 322 6.08684 2
144 327 3.09251 2
182 329 6.23410 2
325 329 2.82252 2
100 331 0.95720 1
165 335 6.11138 2
52 343 6.23410 1
39 346 3.60792 1
154 349 5.96412 1
147 350 3.70610 1
145 354 0.26998 2
112 362 0.07363 2
78 363 2.92070 1
263 364 2.74889 1
362 364 3.01887 1
140 365 1.57080 1
145 365 5.86594 1
31 366 0.26998 1
196 368 2.99433 2
173 372 2.74889 2
59 375 6.20955 1
72 376 3.04342 1
143 377 2.89616 2
66 385 0.04909 2
77 386 3.06796 2
121 386 3.16614 2
176 386 6.16047 2
367 394 3.26431 1
398 404 3.36249 1
420 432 3.38703 1
96 435 4.00062 1
126 441 6.13592 1
299 448 3.14159 1
193 449 2.99433 2
112 451 3.90245 1
94 452 5.74322 1
276 455 3.14159 1
