162
63 36 0.19635 1
28 40 0.95720 2
37 42 0.80994 1
51 44 0.46633 2
35 49 0.46633 1
149 50 6.18501 1
57 58 3.38703 2
26 69 0.41724 2
188 84 5.91503 1
132 101 6.08684 1
36 122 0.36816 2
173 125 5.74322 2
189 134 2.62618 2
429 134 2.01258 2
221 138 5.76777 2
311 139 5.84140 1
209 141 5.49779 1
421 142 2.62618 1
301 144 2.62618 2
185 146 2.77344 2
248 147 2.72435 1
241 148 2.69981 2
180 149 5.74322 2
214 149 2.35619 2
232 151 2.69981 2
217 155 2.69981 2
176 156 6.08684 1
184 157 2.74889 2
427 157 2.62618 1
198 159 2.47891 2
230 162 0.22089 1
243 162 6.16047 2
148 164 3.23977 2
386 166 2.77344 2
124 171 6.01320 1
152 171 6.25864 2
188 172 2.87161 2
167 173 3.38703 2
161 176 2.15984 1
147 177 2.89616 1
207 178 6.20955 2
168 182 0.07363 2
195 182 5.22781 1
189 191 5.57142 2
116 193 3.21522 2
35 197 3.63247 1
147 201 5.93957 2
323 202 2.67526 1
19 203 0.51542 2
44 204 0.49087 2
420 204 2.92070 1
150 205 5.62051 2
234 207 2.79798 2
116 211 6.13592 2
157 215 1.22718 1
207 215 2.55254 2
144 217 2.79798 2
150 218 3.14159 1
68 228 0.26998 2
177 231 3.21522 2
122 237 3.21522 1
173 237 6.11138 2
421 239 3.21522 2
129 246 0.00000 2
159 246 6.06229 1
165 259 5.89049 2
102 264 6.18501 2
231 269 2.84707 1
152 270 3.38703 2
95 275 5.39961 1
150 286 6.08684 1
35 287 0.26998 2
96 287 3.43612 2
258 288 2.94524 2
354 289 3.01887 1
168 294 2.77344 2
329 295 3.14159 1
56 298 3.43612 2
37 308 0.44179 1
119 312 3.65701 2
133 314 3.19068 2
110 315 0.24544 1
117 316 0.04909 1
40 317 3.46066 2
243 318 3.01887 2
78 320 6.01320 2
118 320 0.22089 1
52 323 0.09817 1
193 325 2.92070 1
108 326 6.03775 2
131 330 3.14159 2
108 332 2.65072 2
327 332 3.85336 2
96 335 3.06796 1
245 335 6.03775 2
20 336 0.09817 1
326 336 0.36816 1
411 343 3.36249 1
271 348 5.69414 2
308 349 3.38703 2
379 350 3.87790 2
272 352 0.36816 1
254 355 2.92070 1
76 359 5.79231 2
184 359 3.14159 1
399 359 4.27060 2
55 360 3.28885 2
60 360 5.81686 2
368 360 4.17243 1
63 363 2.89616 1
360 368 3.82882 2
20 369 0.14726 1
342 373 3.46066 2
122 375 6.01320 2
314 375 3.53429 1
24 376 6.03775 2
87 377 6.16047 2
312 379 3.63247 2
71 380 3.04342 2
129 380 2.87161 1
405 380 0.66268 1
251 382 3.31340 2
76 384 2.50346 1
103 384 2.72435 1
314 384 3.26431 2
322 388 2.69981 1
350 389 0.68722 2
298 392 3.48520 2
112 394 3.43612 2
285 397 3.48520 1
422 397 0.26998 2
404 398 0.41724 2
237 400 3.36249 1
17 403 1.66897 1
392 403 0.14726 1
379 405 0.88357 1
135 407 0.00000 2
25 413 0.36816 1
299 413 0.44179 2
225 417 3.58338 2
239 418 0.39270 2
278 422 0.41724 1
326 426 0.04909 2
95 427 0.09817 1
55 428 6.13592 2
372 429 0.34361 2
232 434 3.75518 2
191 436 3.82882 1
317 436 3.43612 1
376 437 3.21522 2
180 439 3.53429 2
344 440 3.48520 1
85 442 5.74322 1
69 445 6.01320 1
90 445 2.57709 1
156 445 3.36249 1
404 445 0.78540 1
176 447 3.75518 2
205 449 0.73631 1
251 451 0.31907 1
417 459 3.21522 2
162 461 0.80994 1
