123
177 20 6.08684 1
96 22 6.13592 1
196 24 2.92070 1
163 31 6.16047 1
171 32 2.99433 1
55 34 0.19635 1
134 34 2.87161 2
323 46 2.62618 2
38 52 0.44179 1
34 63 3.50975 2
301 65 5.71868 2
309 68 5.74322 1
324 69 2.89616 1
240 73 3.09251 2
221 74 3.14159 1
233 75 6.23410 1
209 76 6.18501 2
322 76 2.57709 1
330 79 5.27689 1
309 83 2.42983 2
333 84 6.01320 1
84 92 3.14159 1
302 92 2.96979 1
106 93 6.08684 1
238 95 0.00000 1
258 95 2.94524 2
300 96 0.29452 2
326 99 5.57142 1
314 102 2.15984 2
135 103 2.94524 2
320 109 2.87161 2
107 110 3.06796 1
19 112 0.49087 1
148 113 6.08684 1
59 116 3.23977 2
42 118 0.09817 2
112 123 6.13592 1
196 123 2.92070 1
22 131 0.14726 1
158 131 2.92070 1
126 134 3.01887 2
16 135 1.66897 1
192 138 5.91503 1
202 142 2.74889 1
66 144 0.09817 1
352 146 5.91503 2
171 148 3.01887 1
238 150 5.96412 1
372 150 2.92070 1
374 166 5.79231 1
319 167 5.79231 1
311 181 2.62618 1
104 196 6.23410 1
306 197 6.06229 1
316 207 5.74322 1
367 213 2.50346 2
331 227 6.23410 2
344 227 3.14159 2
141 229 5.96412 1
328 244 2.47891 2
84 247 6.13592 1
359 251 2.52800 1
124 278 5.98866 2
146 280 2.72435 2
382 282 2.89616 1
136 284 2.69981 1
74 287 6.06229 1
222 287 2.79798 1
119 288 5.71868 2
133 290 3.68155 2
248 290 3.04342 2
195 292 3.01887 2
202 293 2.72435 1
243 296 6.08684 2
91 298 2.89616 1
176 298 2.94524 2
219 300 6.13592 2
149 303 2.69981 1
159 305 3.04342 2
127 306 2.69981 1
196 307 6.25864 2
340 307 2.82252 2
186 308 6.08684 1
73 317 6.08684 1
50 326 3.60792 2
171 327 5.91503 1
47 335 0.34361 2
93 338 2.92070 1
127 339 6.25864 2
142 341 0.31907 1
277 341 2.74889 1
376 342 3.01887 1
171 343 2.77344 2
210 345 3.04342 2
149 346 3.38703 1
101 348 0.07363 2
76 350 6.20955 1
89 351 3.04342 1
151 352 2.30711 2
75 359 0.00000 2
84 361 2.99433 2
112 361 3.21522 1
134 363 2.89616 2
191 364 6.20955 2
379 372 3.21522 1
18 377 0.29452 2
78 383 3.21522 1
410 384 3.36249 1
79 392 0.00000 2
163 398 6.01320 2
125 404 5.91503 2
182 404 2.79798 2
111 411 3.80427 1
431 413 3.38703 1
17 420 0.19635 1
119 421 3.16614 2
313 426 3.06796 1
217 427 3.04342 2
111 432 1.22718 1
122 433 0.22089 1
290 433 3.14159 1
104 435 1.39899 2
190 449 3.01887 1
