105
158 17 6.20955 2
191 17 2.92070 1
130 20 3.06796 1
157 24 5.62051 1
60 26 0.14726 1
174 36 2.74889 2
257 39 5.79231 1
269 47 2.74889 2
266 50 5.84140 2
294 50 5.91503 1
279 60 2.60163 1
92 62 3.28885 2
72 64 0.07363 2
31 66 0.36816 2
237 69 2.96979 2
200 73 6.18501 2
91 84 3.16614 2
304 86 2.96979 1
278 90 6.13592 1
99 92 6.08684 1
236 93 6.06229 1
244 95 2.89616 1
130 97 2.96979 1
321 100 3.19068 2
313 103 6.18501 1
57 106 6.18501 1
47 107 3.21522 1
145 114 6.08684 1
109 115 3.09251 2
111 125 6.13592 1
201 126 2.92070 1
104 130 3.19068 2
141 130 2.89616 1
103 135 2.87161 2
123 136 2.94524 2
56 145 0.04909 1
166 150 3.01887 1
233 150 6.01320 1
372 160 5.79231 1
313 163 5.86594 1
305 177 2.69981 1
301 193 6.01320 1
103 197 6.18501 1
358 210 2.55254 1
142 231 5.96412 1
359 241 2.60163 2
87 248 6.08684 1
411 279 2.74889 1
142 280 2.87161 2
131 285 6.06229 1
135 286 2.89616 1
210 287 2.96979 2
223 288 3.31340 1
194 293 3.06796 2
135 296 5.84140 2
144 301 2.69981 2
220 301 6.08684 2
83 303 3.06796 1
197 308 6.23410 2
337 308 2.82252 2
179 315 6.20955 2
139 317 3.19068 2
81 318 6.23410 1
102 318 3.01887 2
123 326 3.09251 2
63 335 3.21522 1
128 342 6.25864 2
373 344 3.01887 1
278 345 2.69981 1
186 351 2.82252 2
201 353 2.82252 1
160 358 2.82252 2
84 359 5.84140 2
196 361 6.18501 1
92 364 2.13530 2
126 370 3.31340 1
20 375 0.26998 2
82 376 3.21522 2
378 379 3.26431 2
404 386 3.36249 1
118 389 0.53996 1
134 393 3.14159 2
114 394 3.38703 1
143 396 5.91503 2
130 397 6.13592 1
108 399 0.00000 2
153 399 2.84707 2
77 401 3.60792 1
98 407 4.17243 1
188 410 3.06796 2
427 412 3.48520 1
108 413 4.14788 1
170 413 3.60792 1
175 413 0.04909 1
156 421 6.13592 2
117 422 0.61359 2
42 426 3.31340 1
195 430 2.87161 2
309 430 3.14159 1
93 435 0.98175 1
107 436 0.19635 2
102 437 6.13592 1
283 437 3.14159 1
188 452 3.06796 1
22 453 3.50975 1
