140
162 16 6.16047 1
178 18 2.99433 1
83 22 0.00000 1
106 22 3.06796 1
13 24 1.66897 1
36 27 4.17243 1
66 33 0.09817 1
180 35 5.91503 1
54 41 0.41724 2
188 46 2.79798 1
331 48 2.57709 1
106 50 6.13592 1
313 56 5.96412 1
26 71 0.46633 2
145 89 5.91503 1
336 89 5.71868 1
372 94 6.11138 1
84 102 6.06229 1
373 103 5.98866 2
331 108 2.55254 1
368 111 2.52800 1
128 135 5.96412 1
143 138 2.74889 2
324 141 5.91503 1
72 144 6.01320 1
153 145 5.98866 2
163 145 4.58967 1
244 148 2.74889 1
92 150 5.96412 2
134 150 2.01258 2
143 150 5.47324 1
107 152 3.38703 1
81 161 2.96979 1
346 164 2.82252 2
141 165 2.23348 1
95 171 2.62618 2
72 176 6.08684 1
167 176 6.08684 1
172 177 2.92070 1
16 178 0.31907 1
100 181 2.92070 1
42 184 3.97608 2
134 188 3.26431 1
48 193 0.80994 2
289 193 2.92070 2
97 200 2.84707 1
389 201 2.96979 1
126 202 6.13592 2
100 208 6.20955 2
139 209 5.93957 2
78 210 5.66959 1
189 211 2.79798 2
158 212 2.96979 1
76 219 2.84707 2
82 222 2.89616 2
96 223 2.62618 2
110 223 2.79798 1
391 231 3.21522 1
18 233 0.22089 2
130 234 3.21522 1
82 245 3.06796 1
134 254 6.06229 2
81 256 6.23410 2
71 257 4.12334 2
58 260 5.35052 2
157 261 2.79798 2
47 262 5.86594 2
112 263 3.82882 2
77 267 5.89049 1
104 272 3.14159 1
46 278 6.08684 2
64 278 1.22718 1
166 278 5.91503 2
166 283 2.74889 2
55 284 1.57080 1
64 289 0.85903 1
325 289 3.01887 1
215 295 2.92070 1
301 295 3.21522 1
101 299 1.52171 2
114 302 0.31907 2
59 305 6.23410 1
206 305 3.31340 2
78 306 2.87161 2
428 323 0.04909 2
156 333 3.01887 1
91 335 3.14159 1
69 337 6.16047 2
425 337 3.48520 1
406 344 3.55884 2
271 346 3.36249 1
49 350 3.01887 2
406 350 0.44179 2
52 367 5.44870 2
143 367 3.21522 1
346 368 3.85336 2
52 372 0.24544 1
327 373 3.77973 2
360 375 4.14788 1
313 376 3.50975 2
298 384 0.53996 2
355 384 0.71177 2
258 386 0.04909 1
376 387 3.73064 1
298 390 0.58905 2
384 394 0.31907 2
223 395 3.26431 1
404 395 0.26998 2
258 397 3.43612 2
333 397 0.76085 2
283 402 3.28885 2
296 406 3.23977 2
285 413 0.31907 1
429 415 3.87790 1
380 416 0.07363 2
340 418 3.92699 1
210 420 2.72435 2
336 425 0.73631 2
119 428 0.09817 2
223 428 0.41724 1
414 428 6.11138 1
305 429 0.09817 1
211 431 3.70610 1
186 435 3.82882 1
287 435 3.38703 1
171 438 4.04971 1
292 440 5.84140 2
303 440 3.38703 2
419 441 2.42983 2
138 443 3.46066 2
346 443 3.58338 2
369 443 3.92699 1
162 444 3.55884 2
232 445 3.48520 1
296 446 3.04342 2
283 449 0.26998 2
162 451 0.73631 2
82 452 3.21522 1
212 452 0.31907 1
354 458 0.58905 2
