114
197 17 5.64505 1
199 21 2.52800 2
88 23 0.04909 1
221 23 6.11138 1
232 25 2.94524 1
36 27 4.14788 1
233 30 2.87161 1
242 31 0.00000 1
256 31 3.14159 1
15 33 4.76148 2
134 33 3.06796 1
68 36 0.09817 1
291 37 4.93328 1
280 38 2.60163 1
19 40 2.67526 1
168 40 3.26431 1
54 41 0.34361 2
246 42 5.86594 2
296 42 5.32598 1
80 46 6.13592 2
115 48 6.08684 1
277 49 2.79798 1
29 50 0.78540 1
307 50 3.06796 2
289 51 5.20326 2
43 52 5.86594 2
303 52 2.15984 1
89 54 2.89616 2
39 58 0.31907 2
283 60 2.89616 1
33 61 0.83449 1
159 72 6.06229 1
19 75 0.19635 1
17 84 0.04909 1
212 85 2.89616 1
177 94 2.89616 1
141 95 2.94524 2
198 99 6.03775 1
75 101 0.00000 1
217 104 2.87161 1
251 114 5.96412 1
203 115 2.92070 1
323 125 5.84140 1
40 130 3.21522 1
325 146 2.62618 1
314 158 5.96412 1
114 159 6.18501 1
22 170 3.28885 1
376 178 2.55254 1
343 193 5.64505 1
156 195 5.91503 1
340 208 2.52800 2
98 211 6.08684 1
372 214 2.55254 1
143 242 5.96412 1
159 246 2.72435 2
152 251 2.74889 1
91 252 5.79231 1
112 257 5.93957 1
120 260 2.77344 1
148 261 5.59596 2
96 268 2.96979 1
154 269 2.55254 1
110 277 2.65072 2
350 277 2.82252 2
40 282 4.09880 2
88 283 6.08684 1
67 286 6.01320 1
40 287 0.56450 1
114 287 2.92070 1
142 287 3.90245 2
147 288 3.23977 2
155 290 2.89616 1
142 293 3.65701 2
63 296 3.21522 2
71 300 2.67526 1
26 302 0.39270 2
42 302 0.46633 2
33 304 4.19697 2
297 307 2.79798 2
143 308 0.00000 2
19 310 0.29452 2
117 314 6.20955 2
389 314 2.96979 1
94 315 5.91503 1
225 316 2.99433 2
104 319 2.74889 1
160 320 5.91503 2
169 320 2.57709 2
202 320 2.74889 2
166 325 6.11138 2
178 327 2.74889 2
125 331 2.96979 1
208 336 6.20955 2
38 338 0.26998 2
145 341 2.79798 1
101 344 3.09251 2
394 344 3.21522 1
66 366 6.01320 2
33 382 0.00000 1
176 387 2.92070 2
18 391 6.01320 2
173 391 6.11138 2
37 395 2.96979 2
229 402 2.96979 2
329 402 3.06796 1
303 409 3.14159 1
212 433 2.96979 2
80 440 6.11138 2
163 440 2.96979 1
97 443 2.96979 2
60 453 2.89616 2
417 456 0.31907 1
282 462 3.28885 2
