105
196 25 3.36249 1
252 32 6.08684 1
195 35 0.09817 2
297 35 3.04342 2
186 36 3.28885 2
291 39 6.11138 2
155 42 3.48520 1
69 43 6.11138 1
138 45 3.19068 2
156 47 3.53429 1
182 48 0.00000 2
190 49 0.17181 2
185 51 0.17181 2
325 60 2.60163 2
258 61 6.06229 2
148 65 1.27627 1
309 67 2.79798 2
305 69 3.09251 2
305 73 2.45437 2
318 78 2.35619 1
83 83 2.96979 1
86 87 0.36816 1
163 90 0.14726 1
317 93 2.92070 1
319 102 5.81686 2
144 115 3.46066 2
347 116 2.67526 2
155 123 3.33794 1
144 125 0.17181 1
359 130 5.74322 1
164 135 3.36249 1
177 137 0.19635 2
149 138 0.19635 1
241 165 6.06229 2
80 214 0.56450 1
206 222 3.28885 2
139 228 3.58338 1
188 228 0.29452 1
212 231 6.01320 1
275 238 5.62051 2
114 240 0.49087 1
243 242 2.74889 1
196 244 6.06229 1
264 248 5.64505 2
294 252 2.50346 2
173 255 0.09817 2
220 257 3.04342 2
233 258 5.57142 1
302 261 5.52233 2
218 262 5.93957 2
283 263 2.42983 2
228 265 2.67526 2
166 270 3.63247 2
271 278 2.45437 1
101 280 3.48520 1
224 280 5.54687 2
247 280 2.79798 2
150 282 0.63814 1
230 282 5.91503 2
365 283 5.74322 1
136 285 3.68155 2
304 285 5.47324 2
242 286 5.49779 1
204 288 5.74322 1
84 289 0.68722 2
357 292 2.25802 2
383 294 2.40528 2
337 295 2.35619 2
169 299 0.26998 1
184 299 3.58338 1
142 300 0.31907 2
258 302 2.35619 1
111 303 0.68722 2
218 309 2.92070 1
117 312 4.02517 1
363 312 2.67526 1
100 313 3.73064 2
259 313 2.28256 2
207 321 5.79231 1
345 326 2.38074 2
304 327 2.35619 1
188 330 5.89049 2
108 333 0.63814 2
174 333 6.16047 2
236 333 2.55254 2
261 333 2.47891 2
100 335 0.83449 2
157 336 3.55884 1
143 342 6.23410 1
350 343 2.52800 1
208 350 2.57709 2
97 357 0.41724 2
93 368 0.14726 1
325 370 2.65072 2
150 373 3.14159 1
127 381 6.23410 1
280 390 2.62618 1
106 391 6.18501 2
200 405 2.69981 2
274 413 2.69981 2
93 422 0.00000 2
116 424 3.01887 2
372 424 2.96979 1
214 433 2.89616 1
349 439 3.01887 1
