82
312 20 6.18501 1
292 21 5.86594 1
305 24 2.74889 2
311 29 5.93957 2
189 50 6.03775 2
150 109 3.33794 2
86 114 3.58338 1
136 115 0.29452 1
161 117 5.96412 1
224 124 5.66959 2
140 125 6.03775 2
190 128 2.74889 1
240 135 2.50346 2
216 136 5.71868 2
127 141 6.20955 2
151 141 3.14159 2
230 145 2.52800 2
150 146 2.79798 2
253 147 5.47324 2
227 148 5.59596 2
239 153 5.10509 2
232 155 0.44179 1
208 163 5.62051 1
192 165 2.23348 2
226 168 2.33165 2
88 169 3.82882 2
188 169 5.62051 2
219 172 2.45437 1
254 172 5.47324 2
162 174 5.71868 1
117 175 3.68155 2
283 177 2.40528 2
184 178 2.23348 2
137 180 3.65701 1
308 180 2.23348 2
165 181 5.54687 1
158 183 3.36249 1
199 183 2.42983 2
271 186 2.55254 2
202 187 2.72435 2
278 187 2.47891 1
267 191 6.18501 2
196 193 5.81686 2
164 194 5.44870 2
279 194 0.00000 1
283 194 3.14159 1
182 197 5.49779 2
204 198 2.65072 1
168 199 2.92070 1
305 200 2.33165 2
214 203 2.84707 2
208 205 1.79169 1
311 206 2.35619 2
176 209 2.45437 2
161 210 5.74322 1
248 212 2.38074 2
186 221 2.45437 2
304 234 2.42983 1
117 235 2.38074 2
160 241 2.50346 2
89 242 0.19635 2
135 243 2.33165 2
279 258 2.67526 2
126 262 2.92070 1
80 277 0.00000 1
238 280 2.69981 1
156 291 2.84707 1
352 291 2.79798 1
234 303 2.77344 2
89 320 3.01887 1
177 328 2.92070 1
308 333 2.96979 1
137 370 3.01887 1
380 374 5.98866 1
219 379 3.01887 1
344 380 3.14159 1
161 390 3.92699 2
182 390 3.36249 2
170 396 0.31907 1
264 402 5.12963 2
285 403 4.51604 2
250 413 3.21522 1
