100
247 79 3.06796 2
239 88 6.13592 1
183 89 0.02454 2
172 95 3.06796 1
284 97 2.89616 1
174 100 3.50975 2
168 103 3.75518 2
180 103 3.21522 2
190 103 3.19068 2
152 105 4.29515 1
311 114 5.96412 2
243 116 6.11138 2
299 116 2.92070 1
319 116 5.49779 2
302 132 2.92070 1
138 148 0.14726 1
304 156 6.23410 2
317 156 2.87161 2
133 167 3.43612 1
328 170 2.69981 1
146 178 3.38703 1
105 181 3.60792 1
134 181 0.22089 1
96 186 0.34361 2
364 193 5.69414 1
143 197 0.26998 2
230 219 6.08684 2
181 282 0.00000 1
186 282 3.14159 1
129 283 3.60792 1
204 286 6.01320 1
104 297 0.49087 1
188 299 6.08684 1
233 300 2.74889 2
254 300 5.59596 2
190 306 5.89049 2
164 309 0.07363 2
190 311 2.87161 2
210 311 3.06796 2
224 312 5.57142 1
209 316 2.67526 2
295 316 5.54687 2
219 318 2.55254 2
277 318 2.47891 2
125 324 3.70610 2
158 324 3.68155 2
358 327 5.52233 2
249 329 5.69414 1
274 330 5.39961 1
240 331 2.35619 2
265 331 2.38074 2
228 333 2.92070 1
216 334 5.54687 2
95 335 3.77973 1
108 335 0.56450 2
222 335 6.11138 2
292 335 5.52233 2
143 336 0.61359 1
259 336 2.52800 1
368 338 2.25802 2
254 339 5.54687 1
195 342 5.74322 1
348 342 2.30711 2
238 343 5.32598 1
146 345 3.85336 2
178 348 3.58338 2
239 349 2.08621 2
332 349 2.42983 2
226 352 2.57709 1
315 353 2.52800 2
121 357 0.46633 1
310 357 5.52233 2
210 362 3.01887 1
313 362 2.35619 1
112 363 4.14788 1
253 367 2.40528 2
212 371 3.28885 2
202 375 5.84140 1
206 376 5.91503 2
289 378 2.38074 2
101 381 0.80994 2
249 382 2.50346 2
184 383 5.76777 2
227 385 2.55254 2
178 389 5.27689 1
127 390 0.31907 2
171 390 5.39961 1
104 391 0.58905 1
156 392 2.89616 2
345 392 2.62618 1
183 397 2.11076 1
176 402 2.30711 2
314 409 2.67526 1
404 417 2.67526 2
123 434 6.23410 1
159 434 2.96979 2
270 436 2.69981 1
110 439 6.13592 1
198 454 2.74889 2
273 458 2.79798 2
