61
153 23 0.09817 1
133 26 3.60792 1
340 42 5.69414 2
214 60 6.03775 2
176 117 5.91503 2
101 122 3.70610 1
156 131 6.03775 2
79 135 0.53996 1
197 141 5.81686 2
189 146 2.79798 1
155 148 6.16047 2
253 160 2.96979 2
190 161 2.74889 1
249 162 2.03713 1
278 165 5.49779 2
247 166 2.28256 1
183 171 5.62051 2
292 179 2.35619 2
100 180 3.75518 2
173 180 5.69414 2
236 180 2.40528 1
131 181 3.80427 2
273 183 5.49779 2
323 187 2.23348 2
151 190 3.60792 2
306 193 5.47324 2
78 197 0.66268 2
128 200 1.32536 2
118 201 0.12272 2
131 203 1.49717 2
267 203 2.23348 2
320 208 2.30711 2
274 210 5.52233 2
85 211 3.87790 2
182 215 2.11076 2
214 218 2.40528 2
238 218 2.40528 2
260 218 2.30711 2
73 223 0.73631 2
137 224 6.23410 1
314 225 2.35619 2
77 231 0.56450 1
110 237 0.68722 1
319 251 2.45437 2
292 268 2.57709 2
128 274 2.92070 1
94 280 6.23410 1
246 286 2.62618 1
370 294 2.92070 2
168 302 2.72435 2
245 310 2.74889 2
181 331 2.89616 1
318 336 2.99433 2
142 372 3.06796 1
226 385 2.92070 1
118 395 4.00062 2
143 419 4.85965 2
256 419 3.38703 2
226 420 6.13592 2
251 429 0.39270 2
287 451 3.21522 1
