86
203 30 6.01320 2
73 44 0.31907 1
164 88 3.23977 2
98 89 3.53429 1
145 94 0.26998 1
170 98 5.96412 1
152 109 5.96412 1
215 111 2.69981 2
241 112 2.40528 2
223 117 5.57142 2
245 117 2.40528 2
132 118 6.20955 2
187 128 3.55884 2
121 136 3.58338 2
263 139 5.47324 1
172 144 5.69414 2
216 144 5.54687 1
226 145 2.45437 1
104 148 0.61359 1
89 149 3.80427 2
122 152 3.63247 2
227 154 2.38074 1
266 154 5.22781 1
330 155 5.42416 2
145 157 3.53429 1
194 161 2.30711 2
291 162 2.33165 2
85 164 6.18501 1
315 164 2.20893 2
205 165 2.35619 2
89 167 3.23977 2
207 169 2.72435 2
342 169 2.23348 2
179 171 5.57142 2
283 171 4.39332 1
203 174 5.62051 2
283 177 4.71239 2
316 181 4.63876 1
170 182 2.99433 2
210 182 1.20264 1
288 185 5.49779 2
166 190 5.76777 1
281 193 5.42416 1
272 194 2.23348 2
321 195 2.11076 2
122 196 5.42416 1
204 197 0.14726 2
300 197 2.28256 2
256 198 2.35619 2
147 199 5.79231 2
286 199 2.25802 1
141 200 5.49779 2
209 200 2.30711 2
189 201 2.50346 2
132 203 5.44870 2
95 209 0.04909 1
106 211 2.11076 1
111 211 3.04342 2
114 215 2.55254 1
138 219 2.11076 2
165 220 2.52800 2
125 239 2.84707 1
285 244 2.62618 2
79 250 6.18501 1
239 262 2.67526 1
154 269 2.74889 1
355 277 2.79798 1
234 285 2.72435 2
85 295 3.43612 1
68 301 0.12272 2
174 306 2.92070 1
305 317 2.96979 1
131 346 3.01887 1
215 359 3.01887 1
170 364 3.55884 1
339 366 3.14159 1
154 367 3.87790 2
162 373 0.22089 1
130 376 3.38703 1
267 384 4.46695 1
276 384 4.81056 1
283 384 6.13592 1
247 385 5.30144 2
287 388 2.55254 2
197 389 3.36249 1
278 392 1.00629 2
