107
141 62 3.65701 1
227 62 5.86594 1
198 68 6.06229 2
262 72 2.74889 2
121 73 0.49087 1
203 85 6.16047 2
260 96 2.69981 2
312 96 5.39961 2
130 106 0.00000 2
247 107 5.47324 1
123 111 0.51542 2
270 111 5.49779 1
233 114 2.72435 2
246 114 5.37507 1
275 116 2.35619 1
169 118 3.68155 2
74 119 3.55884 2
137 119 3.73064 2
190 125 3.60792 2
314 125 5.42416 2
227 127 5.22781 1
115 130 0.53996 1
363 131 2.13530 2
142 133 0.46633 2
345 135 2.25802 2
165 138 0.46633 2
305 141 2.18439 2
309 146 5.37507 2
121 149 4.00062 2
172 150 0.29452 2
333 151 2.11076 2
274 156 2.23348 2
203 158 5.96412 2
75 159 3.73064 2
198 160 3.43612 2
259 162 2.35619 2
181 163 6.01320 2
168 164 3.75518 2
303 165 2.23348 2
194 166 3.16614 2
110 167 0.71177 2
103 169 0.85903 2
245 170 2.47891 2
186 171 5.96412 2
152 172 0.31907 2
168 173 0.09817 2
196 173 2.69981 2
144 174 0.44179 1
349 191 2.33165 2
100 192 0.46633 2
149 197 3.31340 2
172 200 2.96979 1
91 209 0.36816 1
148 209 0.04909 1
314 211 2.42983 1
123 216 0.04909 1
280 227 2.57709 1
94 232 0.09817 2
198 239 2.67526 2
107 249 3.41157 2
276 251 2.69981 2
100 253 0.19635 1
210 269 2.89616 1
342 287 2.89616 1
73 296 4.04971 2
62 297 4.95783 2
79 304 4.34423 1
84 306 6.13592 1
165 310 3.14159 1
88 311 3.09251 2
83 316 0.31907 1
71 327 0.66268 2
66 334 4.14788 2
255 334 2.96979 2
60 337 5.22781 1
66 345 1.25173 2
152 346 4.07425 2
123 352 3.82882 2
130 352 4.41786 2
139 352 6.18501 2
297 352 4.61421 1
306 352 4.61421 1
72 355 0.00000 1
140 357 0.56450 2
115 361 4.02517 1
135 377 1.32536 1
142 377 1.07992 1
171 379 4.24606 2
176 380 0.76085 2
177 386 1.88986 2
168 387 1.15355 2
163 391 1.07992 1
154 393 1.22718 1
144 394 3.38703 1
244 395 5.35052 1
132 397 0.22089 1
253 402 5.44870 2
168 410 3.48520 1
182 412 4.09880 2
232 413 4.73693 2
266 417 4.95783 1
193 421 4.17243 1
222 421 4.66330 1
269 422 5.35052 2
219 425 4.07425 2
248 429 4.78602 2
213 431 4.95783 1
