91
129 25 0.19635 1
339 26 5.79231 1
108 47 0.31907 1
223 50 6.03775 2
187 108 3.36249 2
169 116 0.41724 1
119 117 3.65701 1
193 117 6.01320 1
171 126 6.08684 2
263 128 5.89049 2
94 131 0.49087 1
267 131 5.64505 2
247 134 2.65072 2
211 135 2.92070 2
251 137 5.57142 2
181 140 5.89049 2
173 142 6.11138 2
180 145 6.23410 2
203 145 5.86594 2
231 150 2.72435 2
203 151 6.18501 2
290 151 5.49779 2
215 152 5.42416 1
276 159 2.40528 2
241 162 5.54687 1
199 165 5.66959 2
216 165 5.57142 1
252 172 2.38074 1
151 175 3.73064 2
80 176 3.82882 1
291 176 5.49779 2
314 176 2.35619 2
184 178 5.91503 1
221 179 3.14159 2
233 180 2.40528 1
342 180 2.28256 2
118 182 3.82882 1
67 184 0.73631 2
176 186 3.38703 2
229 187 2.62618 2
184 188 3.36249 1
326 188 5.62051 2
233 191 5.54687 2
104 193 0.66268 1
339 194 3.26431 1
118 197 0.56450 2
286 197 2.23348 2
244 201 2.30711 2
269 201 2.38074 2
315 202 2.28256 2
103 203 4.12334 1
199 204 3.09251 2
194 209 2.69981 2
298 209 5.54687 2
154 215 0.49087 2
240 218 2.50346 2
91 221 0.83449 2
176 222 5.71868 2
146 224 4.73693 2
162 226 5.86594 2
86 230 0.53996 2
139 230 5.79231 2
228 230 2.50346 2
151 236 1.91441 2
59 237 0.80994 1
133 237 0.24544 2
142 237 1.30082 2
336 244 2.40528 2
171 245 2.35619 2
119 246 0.12272 2
83 254 0.44179 2
157 263 2.96979 1
312 263 2.60163 2
78 268 0.22089 1
112 280 0.00000 1
268 283 2.67526 1
79 294 0.12272 2
187 300 2.77344 2
372 304 2.79798 1
266 307 2.77344 2
92 308 5.42416 2
101 310 2.30711 2
99 321 3.31340 1
85 324 0.02454 2
203 331 2.89616 1
337 338 2.96979 1
84 368 3.23977 2
162 372 3.06796 1
255 392 2.96979 2
167 402 3.31340 1
133 412 0.07363 2
