81
242 40 6.06229 2
132 102 3.58338 1
212 105 5.91503 1
186 112 6.08684 2
109 113 0.44179 1
180 128 6.20955 2
243 140 2.79798 1
304 142 5.44870 2
288 147 2.40528 2
253 149 5.49779 1
211 150 5.64505 2
82 153 0.49087 1
92 156 3.73064 1
232 156 5.22781 1
239 156 5.57142 1
261 157 2.35619 1
130 158 3.73064 2
163 159 3.63247 2
224 160 2.52800 2
300 163 5.47324 2
230 165 5.57142 2
324 165 2.28256 2
351 169 2.20893 2
243 170 2.40528 2
332 173 2.92070 2
203 175 2.82252 1
104 176 0.58905 2
132 176 0.46633 2
156 182 3.82882 2
96 184 3.92699 2
316 186 2.08621 2
284 196 2.25802 2
310 197 2.42983 2
264 198 2.33165 2
82 200 0.85903 2
217 200 5.66959 2
306 201 5.64505 2
314 201 4.73693 2
246 202 2.40528 2
160 204 0.24544 2
309 205 2.03713 2
105 208 0.53996 1
172 208 6.13592 2
208 212 5.62051 2
146 213 0.17181 2
188 213 5.57142 1
136 215 6.23410 1
239 216 2.50346 2
195 220 2.57709 2
225 225 2.50346 2
339 228 2.45437 2
89 232 0.41724 2
82 246 0.22089 1
160 249 2.92070 2
316 251 2.52800 2
119 258 6.23410 1
273 269 2.62618 1
84 271 0.07363 2
190 282 2.67526 2
268 293 2.69981 2
85 301 6.18501 2
106 304 2.92070 2
203 311 2.92070 1
336 325 2.92070 1
55 344 6.20955 2
83 345 3.19068 2
156 350 3.06796 1
241 366 2.96979 1
180 375 5.49779 2
156 392 5.49779 1
183 407 6.06229 1
101 408 0.31907 1
187 412 5.76777 2
214 415 3.31340 2
183 418 0.02454 2
234 418 3.31340 2
242 418 3.26431 2
183 422 0.29452 2
214 422 2.84707 2
233 425 2.69981 2
242 425 0.34361 2
