95
235 69 6.13592 1
102 96 0.36816 1
98 98 3.48520 1
84 117 3.80427 1
146 131 0.31907 1
122 152 3.70610 2
113 160 0.51542 2
424 163 2.28256 1
271 172 2.79798 1
426 175 4.66330 1
208 176 0.00000 2
409 181 2.30711 1
430 184 5.17872 1
415 187 1.49717 1
338 195 2.50346 2
289 196 5.71868 2
307 208 4.71239 1
210 211 3.41157 2
192 213 3.68155 2
187 217 0.24544 2
192 217 0.36816 2
376 217 5.32598 2
95 219 4.00062 1
314 219 1.93895 2
315 223 4.78602 2
308 232 3.33794 2
341 236 2.57709 2
281 238 5.54687 2
317 239 4.19697 1
302 242 2.69981 2
214 243 6.08684 1
349 243 5.22781 2
317 244 4.63876 2
335 244 5.69414 2
311 254 4.36878 2
306 256 0.95720 1
286 257 5.27689 1
152 263 4.04971 1
162 266 4.41786 2
183 268 4.51604 1
200 274 5.08054 2
297 275 2.11076 1
44 286 1.17810 1
160 292 1.07992 2
178 293 4.14788 2
308 294 5.15418 1
253 299 1.76715 1
263 299 4.31969 1
261 306 4.54058 2
116 311 4.14788 2
129 316 1.17810 2
283 316 4.78602 1
169 317 1.10447 1
156 327 4.31969 2
200 328 3.36249 2
167 329 0.19635 1
96 333 0.93266 1
120 333 3.95153 2
200 334 2.89616 2
129 336 4.14788 1
317 342 4.88419 1
114 343 1.00629 2
180 344 4.17243 1
187 346 3.68155 1
173 358 0.88357 2
400 358 5.79231 1
139 360 4.61421 2
153 366 1.25173 2
195 366 4.56513 1
182 368 0.83449 2
197 372 1.37445 2
146 374 1.57080 2
299 375 4.24606 1
322 383 5.03146 2
83 386 4.49150 1
107 387 1.17810 2
104 397 1.57080 1
134 399 4.34423 2
252 399 0.80994 1
95 401 4.14788 2
285 401 0.51542 2
419 406 1.66897 2
145 407 1.10447 1
354 408 2.62618 2
287 417 0.00000 2
185 421 0.83449 2
304 424 3.09251 2
393 428 2.57709 1
355 434 2.89616 1
162 444 0.73631 1
207 447 0.71177 1
100 448 0.66268 1
256 450 0.36816 2
230 451 0.56450 1
171 460 0.44179 1
