155
223 27 3.28885 2
259 59 6.08684 1
122 93 0.39270 2
168 121 0.31907 1
91 129 3.80427 2
121 141 3.80427 2
104 154 0.63814 2
65 158 3.77973 2
231 166 0.00000 2
291 167 2.77344 2
358 185 2.50346 2
308 186 5.76777 2
170 188 3.87790 2
77 198 5.08054 2
118 198 4.00062 2
156 200 0.66268 2
71 203 5.62051 2
83 207 1.05538 2
401 207 5.57142 1
99 211 0.58905 1
393 211 5.42416 1
58 213 4.04971 2
66 217 4.04971 1
215 218 3.65701 2
105 222 0.58905 2
70 225 3.87790 1
149 226 0.53996 2
175 228 3.80427 2
113 229 0.51542 2
47 231 1.07992 1
237 233 6.08684 1
369 233 5.35052 2
94 234 3.33794 2
121 236 1.17810 2
50 242 0.83449 2
61 251 4.68785 2
121 251 5.52233 2
387 252 5.03146 2
261 253 5.00691 2
185 256 4.68785 2
310 256 5.44870 2
132 257 1.22718 1
209 258 4.29515 1
381 258 1.88986 2
104 259 4.46695 2
250 259 5.62051 2
254 259 2.84707 1
53 261 4.93328 2
313 261 2.18439 2
185 263 4.98237 1
224 263 6.06229 1
179 264 4.36878 2
252 267 1.32536 1
82 268 1.32536 2
133 268 1.54625 2
222 269 6.01320 1
112 271 5.10509 2
159 272 1.15355 2
58 273 4.39332 1
82 275 1.17810 1
138 275 0.98175 1
222 275 5.81686 1
242 275 2.84707 1
219 279 4.71239 1
277 280 5.00691 2
228 283 5.42416 1
86 284 1.64443 2
148 285 1.05538 2
332 285 5.10509 1
74 287 4.39332 2
112 287 5.54687 1
116 287 2.18439 2
136 287 2.01258 1
199 288 4.22152 2
108 289 5.32598 1
127 290 6.18501 1
241 293 2.30711 2
201 294 4.31969 2
143 296 3.28885 2
79 299 4.81056 2
175 299 1.15355 2
219 299 1.57080 1
312 301 4.81056 2
139 307 1.81623 2
203 309 1.71806 1
211 309 1.61988 1
82 311 5.49779 1
139 311 2.38074 1
127 313 2.23348 1
119 315 2.25802 1
358 316 4.09880 2
181 319 4.41786 2
225 321 2.92070 1
185 322 0.83449 2
114 325 2.67526 1
364 325 4.73693 2
346 327 1.39899 2
228 328 4.17243 1
146 332 4.17243 1
120 334 3.38703 2
120 339 6.13592 2
385 341 5.30144 2
87 343 3.85336 1
94 344 5.10509 1
89 351 4.09880 1
175 353 1.22718 1
220 353 1.00629 1
164 354 4.81056 2
169 361 1.66897 1
332 362 4.39332 2
354 363 5.17872 1
413 369 2.25802 1
219 371 4.19697 2
142 372 5.37507 2
375 372 2.20893 1
346 373 5.08054 2
155 375 1.27627 1
353 375 1.52171 2
400 376 2.77344 2
123 378 2.57709 1
100 387 5.76777 2
160 387 1.69351 2
322 388 1.74260 1
81 389 0.73631 1
314 389 0.58905 2
328 390 1.25173 1
159 391 1.00629 1
146 393 2.25802 1
100 395 5.84140 1
136 397 2.65072 2
152 397 2.47891 2
276 398 0.63814 2
375 403 3.50975 2
362 405 3.23977 2
254 406 0.88357 1
164 413 3.33794 2
355 413 0.36816 2
115 415 3.77973 1
134 416 3.14159 1
81 419 0.85903 1
177 420 0.63814 2
363 421 0.56450 1
149 422 0.12272 2
398 422 3.36249 2
153 428 3.36249 2
117 431 0.56450 2
382 432 0.12272 2
233 435 0.68722 1
359 436 3.36249 1
250 437 0.49087 2
281 439 0.36816 2
345 439 0.00000 2
369 443 0.26998 2
353 451 3.26431 1
194 454 0.39270 2
