100
150 75 6.08684 1
373 150 2.45437 1
391 155 4.49150 1
323 162 2.38074 1
397 162 5.08054 1
406 165 5.49779 1
399 167 4.61421 2
375 169 1.81623 2
414 173 2.35619 1
377 175 1.39899 1
116 185 6.20955 2
383 185 1.27627 1
411 186 0.85903 1
179 189 2.77344 2
385 198 0.56450 2
64 200 3.75518 2
244 208 2.50346 2
194 209 5.76777 2
379 225 3.11705 2
280 230 5.32598 2
379 234 2.38074 2
372 239 1.81623 2
380 247 1.93895 2
84 251 3.75518 1
115 251 6.25864 2
190 253 5.37507 2
97 255 3.68155 2
253 257 5.30144 2
81 261 0.12272 1
181 262 5.42416 2
200 265 2.28256 2
114 282 2.89616 1
202 285 2.15984 1
310 288 2.18439 2
97 300 4.51604 1
222 302 5.05600 2
388 303 1.66897 2
102 308 5.15418 1
83 313 4.34423 2
78 316 5.37507 1
124 317 2.23348 2
72 318 4.51604 1
273 320 2.06167 1
196 322 4.88419 2
386 322 1.86532 2
102 323 1.88986 1
294 323 5.44870 1
384 331 1.22718 1
169 335 4.61421 2
298 339 5.32598 1
313 341 2.23348 2
383 345 0.46633 2
90 348 4.09880 1
119 352 4.22152 2
228 355 4.93328 1
78 358 4.56513 2
312 360 2.35619 2
329 360 2.60163 2
308 364 2.06167 2
387 368 2.30711 1
86 369 0.85903 1
391 372 1.00629 1
387 378 2.99433 1
106 381 1.00629 1
379 386 1.47262 2
220 387 4.46695 2
247 388 5.44870 1
275 389 5.08054 2
314 389 5.22781 2
386 393 1.57080 2
315 395 5.86594 1
284 397 5.03146 2
93 399 4.36878 2
262 399 2.28256 2
231 405 5.76777 1
312 405 5.32598 2
260 408 3.16614 2
281 408 6.18501 2
302 411 2.42983 1
199 417 4.78602 1
311 418 0.04909 2
285 420 4.71239 1
197 423 4.36878 2
169 424 0.78540 2
286 426 5.12963 2
307 426 5.79231 2
264 433 2.06167 2
222 434 5.27689 1
226 437 5.47324 2
265 438 1.34990 1
240 439 5.25235 2
343 439 2.38074 2
192 440 3.85336 1
294 442 5.71868 1
307 442 2.45437 1
204 447 4.46695 2
266 449 5.17872 1
296 449 5.57142 2
159 454 5.15418 2
214 458 2.92070 2
