102
51 25 0.95720 2
169 28 3.53429 1
244 37 3.23977 2
277 63 6.03775 2
144 97 0.36816 2
88 119 3.95153 2
184 127 0.31907 1
91 131 0.58905 1
69 138 0.76085 2
64 142 3.87790 2
107 142 3.82882 1
60 166 3.82882 2
246 172 6.18501 2
306 172 2.79798 1
396 175 2.08621 2
391 187 2.84707 2
47 196 4.09880 2
327 197 5.69414 1
374 204 2.40528 2
405 208 0.90812 2
132 212 3.97608 1
401 216 1.27627 2
405 220 1.42353 2
46 226 0.88357 2
220 228 3.70610 2
180 231 4.12334 2
399 231 1.59534 2
185 234 0.85903 2
205 240 0.63814 1
32 241 1.17810 2
244 241 6.13592 1
53 242 3.68155 1
149 242 4.17243 2
401 245 2.13530 2
156 247 5.05600 1
59 251 4.00062 2
394 252 1.74260 2
223 253 3.53429 2
405 253 5.10509 2
184 254 4.02517 2
410 254 2.20893 1
263 256 5.32598 2
387 256 0.78540 1
160 259 0.88357 2
234 260 4.04971 1
398 261 5.03146 2
412 261 5.17872 1
155 262 1.07992 2
49 263 0.78540 2
133 263 0.85903 2
271 263 2.11076 2
216 265 4.44241 1
245 265 6.08684 1
195 266 4.41786 2
392 267 4.85965 2
237 269 5.69414 1
141 270 4.04971 1
384 270 5.42416 2
263 271 2.65072 2
187 273 4.51604 2
188 277 3.82882 1
246 277 2.60163 2
236 290 4.93328 2
171 291 1.15355 2
35 295 0.63814 1
230 295 4.71239 1
154 296 4.19697 2
342 297 5.03146 2
206 299 4.34423 2
248 300 2.20893 2
55 302 3.90245 2
230 304 1.57080 1
237 305 4.27060 2
317 313 4.76148 2
36 314 0.53996 1
288 317 4.61421 2
133 324 4.85965 2
143 325 0.80994 2
137 327 1.10447 2
222 327 1.00629 1
131 334 1.22718 2
160 335 5.37507 1
158 346 1.22718 2
394 349 1.88986 1
343 350 4.78602 1
181 362 1.07992 2
130 373 0.95720 1
357 373 4.93328 2
219 378 4.17243 2
322 385 4.22152 1
371 402 2.30711 2
371 411 0.41724 1
279 413 0.58905 1
316 417 0.44179 2
214 422 0.78540 1
183 429 0.71177 1
113 437 0.46633 2
362 441 2.89616 1
157 446 0.53996 2
229 446 0.66268 1
249 454 0.53996 1
273 454 0.26998 2
