88
179 18 0.22089 2
202 44 3.23977 2
64 51 0.49087 1
30 53 0.95720 1
239 76 6.08684 1
62 92 0.56450 1
107 104 0.36816 2
347 128 2.57709 1
144 136 0.36816 1
53 142 0.66268 1
351 143 1.93895 2
70 145 3.77973 2
353 147 2.50346 1
208 180 6.23410 2
269 183 2.77344 2
284 204 5.71868 2
335 206 2.42983 2
370 209 1.54625 2
372 216 0.95720 2
98 220 4.00062 1
367 223 1.74260 2
24 225 3.97608 2
394 229 1.49717 2
246 231 3.04342 1
249 235 2.52800 2
181 238 3.68155 2
128 239 0.56450 2
40 247 4.00062 2
144 247 3.77973 2
165 247 0.46633 2
210 248 6.13592 1
137 252 0.26998 2
114 253 4.12334 2
343 257 5.30144 2
119 259 4.56513 1
150 263 4.24606 2
133 265 3.80427 1
204 268 5.64505 2
101 272 0.98175 2
159 274 0.85903 1
139 275 3.97608 2
117 278 4.12334 2
130 286 0.68722 2
111 297 4.14788 2
310 300 5.00691 2
175 302 4.24606 2
122 305 4.24606 2
180 309 4.41786 1
194 310 4.22152 1
284 310 4.81056 2
100 314 1.00629 2
188 314 1.05538 2
170 319 1.27627 1
360 321 1.98804 1
256 322 4.68785 2
178 325 1.12901 2
200 325 4.19697 2
182 329 1.34990 2
209 329 4.44241 1
207 336 1.27627 1
103 337 0.98175 2
159 341 4.39332 1
113 342 0.83449 1
169 345 1.00629 2
23 347 1.05538 1
312 353 4.83511 1
19 364 1.69351 1
174 364 0.90812 2
110 368 4.88419 1
159 369 1.17810 1
119 378 1.44808 2
113 387 1.34990 2
190 388 4.22152 2
294 388 4.29515 1
310 404 5.69414 1
357 411 2.67526 2
247 416 0.63814 2
291 420 0.44179 2
67 421 1.34990 1
61 423 0.58905 2
183 431 0.88357 2
159 439 0.83449 1
359 443 5.74322 2
343 445 2.89616 1
98 453 0.58905 1
133 458 0.58905 2
251 459 0.26998 2
217 462 0.83449 1
