124
296 44 6.25864 2
212 49 3.60792 1
292 58 3.36249 2
161 73 0.53996 2
325 82 6.23410 2
157 103 0.53996 1
203 128 0.41724 2
245 157 0.36816 1
136 167 0.53996 2
388 170 4.58967 2
107 172 3.80427 2
168 175 3.85336 1
82 176 3.90245 2
378 176 2.89616 1
123 178 3.90245 2
95 182 0.66268 2
373 195 2.89616 1
384 197 1.22718 1
310 199 6.20955 2
380 208 1.22718 1
110 211 3.92699 2
372 225 3.55884 2
108 233 4.17243 2
360 233 2.89616 1
61 237 4.78602 2
196 242 4.00062 1
73 243 1.00629 2
361 245 0.80994 2
54 247 4.31969 2
75 250 1.17810 2
116 250 0.83449 2
74 254 1.66897 1
232 255 0.51542 2
371 257 0.04909 1
57 258 4.31969 2
396 260 4.17243 1
275 261 4.24606 2
249 263 3.82882 2
267 264 0.58905 2
140 266 3.97608 2
312 266 6.01320 1
216 269 4.12334 2
119 273 3.97608 1
410 273 0.98175 2
219 278 4.27060 1
294 278 3.60792 2
250 281 4.27060 2
350 282 4.29515 1
275 284 0.31907 1
218 285 1.10447 2
341 285 2.30711 1
379 285 1.81623 2
58 287 0.90812 2
199 291 0.88357 2
273 291 0.44179 1
318 292 5.64505 2
122 293 4.12334 2
262 294 4.41786 2
287 294 4.36878 2
385 294 1.27627 2
339 296 1.64443 2
280 297 4.19697 2
331 298 3.14159 1
288 300 4.04971 2
393 301 1.44808 2
83 303 0.68722 2
270 307 0.44179 1
253 308 1.10447 1
380 311 4.19697 2
289 315 0.00000 1
88 316 4.85965 2
386 319 4.27060 1
107 320 4.12334 2
273 320 4.44241 2
205 321 4.07425 2
92 322 0.93266 2
299 323 4.49150 1
366 323 0.02454 2
111 324 1.00629 2
71 325 3.58338 1
218 326 4.19697 2
268 326 4.41786 2
126 328 3.95153 2
94 332 4.22152 2
75 333 4.93328 1
367 333 1.22718 2
195 335 0.90812 2
75 337 4.68785 2
98 337 2.15984 2
300 338 4.14788 2
268 340 1.34990 1
394 341 4.95783 1
69 343 4.19697 2
267 344 4.56513 1
104 345 0.68722 1
268 348 1.44808 2
274 348 4.58967 2
353 353 4.46695 2
276 354 3.41157 1
230 360 4.14788 2
255 361 4.29515 1
195 362 0.95720 2
212 364 4.24606 2
283 366 4.00062 2
86 372 1.07992 2
76 374 1.07992 2
222 374 1.03084 2
106 380 3.65701 1
271 380 0.78540 2
246 390 1.10447 2
92 403 4.34423 2
195 406 1.00629 1
283 408 4.14788 2
134 415 3.77973 2
113 417 0.73631 1
102 427 1.34990 1
90 430 1.44808 1
86 432 4.27060 1
82 434 1.07992 2
105 435 0.56450 2
346 437 0.66268 1
81 442 1.10447 1
273 449 0.78540 2
247 459 0.73631 1
