106
226 50 0.88357 2
275 55 3.38703 2
143 61 0.53996 1
310 87 6.16047 1
124 99 0.46633 2
185 124 0.36816 2
76 149 3.80427 2
225 156 0.31907 1
84 160 3.82882 2
146 162 3.73064 2
47 172 0.63814 2
98 189 3.80427 2
47 192 0.73631 2
70 196 0.63814 1
286 202 6.23410 2
347 204 2.79798 2
43 220 1.98804 2
62 222 1.98804 1
80 222 3.85336 2
59 227 2.20893 1
51 231 2.06167 1
165 232 3.90245 2
63 235 0.56450 2
48 239 2.25802 1
109 240 3.87790 2
117 246 3.80427 1
46 247 3.01887 2
26 252 5.22781 2
97 255 0.83449 1
46 257 2.15984 2
42 258 1.91441 2
184 267 3.82882 2
283 269 6.01320 1
39 274 4.22152 2
52 274 3.82882 1
174 277 0.63814 2
63 278 4.36878 2
62 286 4.78602 2
95 288 3.97608 2
208 288 4.04971 2
41 289 0.49087 1
56 290 5.03146 2
67 290 1.07992 2
276 290 3.55884 2
254 295 4.00062 2
70 297 0.93266 2
229 298 4.41786 2
245 298 4.14788 2
229 302 0.78540 1
259 303 0.61359 1
74 305 0.95720 2
250 305 0.83449 1
78 311 0.98175 2
239 318 0.78540 2
218 319 0.98175 2
67 320 1.93895 2
196 323 1.10447 2
257 326 3.65701 2
245 327 5.49779 1
61 328 1.30082 1
241 330 3.92699 1
40 331 2.13530 2
32 333 2.38074 1
151 340 3.73064 2
229 341 1.05538 1
342 341 4.66330 1
65 342 0.88357 2
40 344 2.01258 2
162 347 0.44179 2
61 348 0.73631 1
144 348 0.88357 2
54 355 1.61988 1
35 357 2.94524 2
40 357 2.47891 1
49 358 1.98804 1
235 358 3.97608 1
178 359 4.09880 1
45 362 3.60792 1
172 362 4.02517 2
315 362 4.22152 2
18 365 0.36816 1
259 369 4.02517 2
17 373 5.62051 2
201 382 0.98175 1
150 383 4.63876 2
250 384 0.95720 1
346 386 4.22152 1
42 387 4.44241 1
23 391 5.00691 1
32 393 1.34990 1
134 395 4.07425 1
163 396 1.15355 2
243 402 4.04971 2
41 403 3.82882 1
155 403 1.52171 2
60 404 0.71177 2
55 412 0.61359 1
144 413 1.15355 2
47 415 1.44808 1
52 431 0.80994 1
297 431 0.58905 2
36 432 5.03146 1
50 441 0.26998 2
233 442 0.78540 2
200 453 0.66268 1
136 460 0.44179 1
