100
44 27 0.90812 1
152 38 3.53429 2
223 49 3.31340 2
264 79 6.13592 1
78 86 0.46633 2
131 112 0.41724 2
47 128 3.87790 2
39 136 0.73631 2
72 141 4.04971 2
170 141 0.36816 1
58 157 0.78540 2
45 168 3.90245 2
236 183 6.25864 2
296 185 2.79798 2
344 195 2.40528 2
359 196 4.07425 1
351 197 4.98237 1
372 199 4.56513 2
356 200 0.90812 1
376 202 1.61988 2
312 205 5.74322 2
338 205 2.67526 1
356 211 1.57080 2
336 216 2.60163 1
37 218 4.19697 2
123 228 4.04971 1
335 230 2.38074 1
52 236 0.83449 1
157 243 0.56450 2
208 243 3.82882 2
335 243 1.74260 2
176 248 3.95153 2
341 248 1.71806 2
71 249 4.02517 2
238 250 6.08684 1
367 251 1.98804 1
198 253 0.68722 1
142 259 4.12334 2
43 260 4.02517 2
375 262 1.42353 2
148 263 4.49150 1
221 264 3.97608 2
213 265 4.83511 2
164 266 1.03084 1
379 268 1.37445 2
195 270 0.51542 2
229 271 6.08684 1
133 273 0.88357 2
151 274 1.42353 2
54 276 0.85903 1
149 278 4.14788 2
228 279 5.84140 1
232 283 2.99433 2
228 285 6.08684 1
186 287 1.91441 1
231 301 5.84140 2
230 305 4.44241 2
204 307 4.24606 2
336 307 5.05600 1
151 309 4.24606 2
228 309 0.00000 1
246 312 2.20893 2
206 315 4.61421 1
235 315 4.29515 2
55 317 4.04971 2
315 319 4.81056 2
200 322 1.34990 1
286 324 4.68785 2
207 332 4.19697 2
216 332 1.49717 1
244 332 4.17243 2
41 336 0.95720 2
127 343 1.00629 1
189 346 4.29515 1
235 348 1.05538 2
199 349 1.20264 2
216 350 0.98175 2
159 353 4.04971 2
344 355 4.83511 1
40 369 3.87790 1
19 370 0.76085 2
181 375 1.10447 2
25 382 0.71177 1
333 387 4.39332 2
133 388 1.10447 1
221 390 4.17243 2
336 400 4.39332 2
43 407 0.85903 2
342 411 2.72435 2
332 412 0.22089 2
278 418 0.63814 2
128 419 0.58905 1
28 421 1.44808 1
135 424 3.73064 1
328 427 0.04909 1
217 434 0.83449 1
30 437 0.66268 1
27 448 4.71239 1
118 453 0.46633 2
187 454 0.66268 1
