43
317 46 6.06229 2
224 64 6.08684 1
278 99 2.89616 1
266 103 6.06229 1
240 110 2.96979 1
127 126 0.41724 1
344 172 5.57142 1
361 187 2.57709 2
196 195 0.22089 2
148 197 3.87790 1
102 212 0.73631 1
227 237 3.36249 1
193 271 0.58905 2
247 275 3.01887 1
121 296 1.05538 2
343 297 2.38074 2
259 299 2.96979 1
177 316 0.83449 2
267 328 3.01887 2
253 344 5.79231 2
141 346 3.82882 1
256 352 0.00000 2
239 353 4.31969 2
234 360 5.86594 2
240 361 1.15355 2
270 367 2.35619 2
207 368 0.49087 2
104 370 0.63814 2
223 370 0.02454 2
344 383 2.55254 1
356 384 5.64505 2
259 386 2.69981 1
179 390 0.41724 2
117 398 0.53996 1
363 405 2.52800 1
192 419 0.02454 2
230 420 3.06796 2
130 422 0.36816 1
350 432 2.74889 1
203 460 6.16047 1
211 461 2.99433 1
220 462 6.08684 1
230 464 2.92070 1
