40
276 69 0.00000 1
103 77 0.09817 2
122 94 3.31340 2
323 102 6.13592 1
193 105 3.65701 1
301 113 3.01887 1
190 139 0.49087 1
110 159 3.65701 2
138 172 3.92699 2
262 199 0.22089 2
217 205 3.97608 1
176 229 0.88357 2
299 238 3.43612 1
117 250 4.04971 1
268 274 0.66268 2
322 276 3.01887 1
194 292 0.98175 1
335 299 3.01887 1
103 310 4.12334 2
253 318 0.83449 2
343 327 3.11705 2
331 344 5.79231 2
226 349 3.87790 2
334 351 5.44870 2
311 360 0.12272 2
306 362 0.73631 1
348 366 2.35619 2
285 368 0.31907 2
153 372 0.80994 1
187 377 0.68722 1
336 386 2.69981 1
258 391 0.49087 2
196 401 0.53996 1
271 419 0.02454 2
309 420 3.06796 2
208 426 0.41724 1
156 437 0.44179 2
283 460 6.16047 1
290 461 2.99433 1
296 461 5.37507 1
