34
262 94 6.23410 1
323 122 3.01887 1
309 127 6.13592 1
178 129 3.65701 1
286 136 3.06796 1
370 158 5.74322 1
176 162 0.49087 1
122 196 3.85336 2
204 225 3.92699 1
249 225 0.19635 1
160 243 0.80994 1
286 261 3.36249 1
103 270 4.09880 1
252 288 0.56450 1
308 298 3.01887 1
178 311 0.95720 1
320 321 2.96979 1
244 338 0.73631 1
326 349 3.06796 2
201 370 3.85336 1
321 371 5.71868 1
315 372 5.47324 1
335 380 2.55254 1
296 381 0.14726 2
290 383 0.80994 1
268 391 0.36816 2
175 392 0.68722 1
144 393 0.80994 2
320 406 2.69981 1
243 410 0.44179 2
179 421 0.56450 1
285 432 3.26431 1
191 444 0.36816 1
255 445 0.09817 1
