34
137 84 0.41724 1
208 100 6.23410 1
123 130 3.60792 1
266 130 3.01887 1
254 135 6.13592 1
228 144 3.01887 1
119 165 0.44179 1
64 195 3.87790 2
184 228 0.22089 2
140 231 3.92699 1
98 247 0.80994 1
221 268 3.36249 1
41 271 4.02517 1
187 302 0.63814 2
242 305 2.96979 1
115 316 0.98175 1
253 328 2.92070 1
173 342 0.80994 2
259 355 3.09251 2
143 375 3.80427 2
251 378 5.47324 2
227 387 0.09817 2
265 388 2.30711 1
221 389 6.06229 1
72 393 0.73631 1
202 395 0.31907 2
106 398 0.63814 1
251 412 2.69981 1
175 415 0.44179 2
113 424 0.53996 1
187 443 6.25864 2
223 445 3.09251 2
125 448 0.36816 1
72 457 0.41724 2
