41
149 47 0.36816 1
266 63 6.18501 1
178 93 3.58338 1
322 94 2.96979 1
310 99 6.08684 1
284 106 3.01887 1
382 116 3.06796 1
173 127 0.44179 1
117 157 3.80427 2
237 191 0.22089 2
196 193 3.87790 1
151 209 0.78540 1
276 231 3.36249 1
239 258 0.53996 1
296 270 2.92070 1
164 279 0.90812 1
306 293 2.96979 1
395 296 2.35619 2
224 307 0.80994 2
311 322 3.01887 2
184 338 3.82882 1
280 352 0.04909 2
271 355 6.01320 1
323 357 2.57709 1
116 358 0.68722 1
250 361 0.34361 2
146 362 0.63814 2
302 380 2.67526 1
222 381 0.41724 2
259 383 0.00000 1
264 383 3.14159 1
159 388 0.49087 1
232 409 6.25864 2
171 412 0.31907 1
117 415 0.36816 1
280 421 2.89616 1
280 439 6.13592 1
286 440 2.96979 1
162 446 0.19635 1
243 450 6.13592 1
270 454 3.01887 1
