40
287 33 2.96979 1
146 35 3.60792 1
278 38 6.08684 1
250 46 3.01887 1
143 68 0.44179 1
164 133 3.97608 1
211 133 0.19635 1
124 148 0.80994 1
246 169 3.36249 1
210 197 0.56450 1
266 207 2.96979 1
140 220 1.00629 1
278 231 2.92070 1
365 232 2.38074 2
198 246 0.83449 2
284 259 3.04342 2
274 274 5.66959 2
168 280 3.85336 2
256 286 6.18501 2
271 288 0.56450 1
289 291 2.28256 1
97 301 0.78540 1
242 301 0.22089 2
234 304 0.71177 1
130 306 0.66268 1
277 318 2.62618 1
200 321 0.44179 2
139 332 0.56450 1
211 350 0.02454 2
249 351 3.09251 2
151 356 0.41724 1
252 361 6.18501 1
262 362 3.01887 1
99 367 0.41724 2
142 391 0.22089 1
223 391 6.13592 1
250 394 3.06796 1
331 398 2.92070 1
128 405 0.02454 2
273 413 6.08684 1
