61
200 41 2.84707 1
288 48 2.74889 1
55 52 0.14726 1
88 55 3.14159 2
184 73 2.99433 2
312 74 2.69981 2
368 92 5.64505 1
187 114 2.99433 2
401 140 2.55254 1
398 150 0.09817 2
174 218 6.18501 1
357 220 5.74322 1
373 230 2.57709 1
323 235 5.52233 2
376 250 5.62051 1
294 258 5.39961 2
237 268 5.57142 1
221 272 5.42416 1
274 279 5.08054 2
119 284 0.14726 2
260 284 2.35619 2
171 289 3.01887 1
248 292 4.83511 2
172 293 3.36249 1
239 293 2.25802 1
223 296 2.67526 1
159 297 6.23410 2
340 303 5.17872 1
171 304 2.99433 2
118 306 0.04909 1
230 308 3.16614 2
395 308 5.54687 1
150 315 6.11138 2
315 322 4.93328 1
241 323 3.53429 2
201 326 2.99433 2
373 327 5.32598 1
345 346 4.76148 2
409 354 5.49779 2
146 355 3.36249 2
370 357 4.83511 1
141 358 0.04909 1
196 358 6.23410 1
69 365 0.49087 2
398 366 4.88419 2
176 368 6.13592 1
188 370 2.96979 1
269 372 3.55884 1
174 377 6.01320 2
250 380 0.39270 1
50 386 3.73064 1
289 387 3.77973 2
136 404 6.08684 1
378 405 1.05538 2
37 416 0.53996 1
350 423 0.95720 1
121 437 6.11138 2
71 441 0.34361 2
365 446 0.66268 1
73 451 0.00000 1
214 455 6.13592 1
