38
170 140 2.89616 1
258 144 2.74889 1
280 168 2.72435 2
152 176 3.01887 1
163 212 3.06796 2
139 300 6.23410 1
339 310 5.81686 1
356 319 2.65072 1
306 332 5.62051 1
361 338 5.71868 1
278 347 5.44870 2
210 362 5.47324 1
107 371 0.09817 2
134 374 3.06796 1
232 377 4.88419 2
258 377 5.10509 1
202 380 2.62618 1
228 381 5.20326 2
326 389 5.30144 1
148 392 3.06796 1
103 393 0.09817 1
382 393 5.69414 1
213 399 3.06796 1
137 401 6.16047 2
309 404 4.88419 2
392 410 5.59596 1
189 411 2.96979 2
333 428 4.71239 2
362 431 4.95783 2
397 434 5.54687 2
185 439 6.18501 1
149 443 5.91503 2
386 446 4.95783 2
148 452 0.29452 2
254 454 3.53429 1
159 461 0.00000 1
178 461 2.96979 2
237 461 0.36816 1
