59
295 25 0.53996 1
315 30 0.49087 2
302 31 0.07363 2
311 31 0.85903 2
259 33 2.67526 1
328 53 2.96979 2
331 60 0.07363 1
207 78 2.89616 1
306 79 2.72435 2
319 97 2.79798 1
97 98 3.16614 2
198 113 2.99433 2
204 153 3.06796 2
32 201 3.77973 1
376 249 5.79231 1
179 252 0.00000 2
398 261 2.62618 1
345 277 5.64505 1
399 279 5.69414 1
317 299 5.39961 1
263 306 5.64505 1
245 309 5.47324 1
284 320 2.38074 2
296 321 5.15418 1
145 326 0.17181 2
273 329 4.95783 2
265 331 2.28256 1
426 332 5.98866 2
244 333 2.62618 1
208 336 2.79798 1
367 337 5.22781 1
199 344 3.04342 2
258 344 3.36249 2
144 348 0.09817 1
402 349 5.32598 2
179 356 6.16047 2
343 357 4.93328 1
269 360 3.60792 2
233 365 3.04342 2
34 376 0.56450 1
374 380 4.78602 2
404 385 4.93328 2
222 400 6.16047 2
299 400 3.75518 2
46 402 3.73064 1
207 407 6.20955 1
99 408 0.49087 2
218 408 3.04342 1
213 412 5.93957 1
280 416 0.44179 1
225 418 2.82252 2
222 421 6.11138 2
319 421 3.85336 2
82 430 3.70610 1
410 435 1.10447 2
53 437 0.53996 1
170 444 6.13592 1
382 456 0.98175 1
74 457 0.53996 1
