44
76 106 0.17181 2
178 111 2.89616 1
77 116 3.36249 1
64 120 0.09817 2
270 122 2.89616 1
74 123 3.31340 2
170 145 3.04342 2
313 151 5.81686 1
174 185 3.01887 2
344 224 5.86594 2
348 278 5.74322 1
151 282 0.04909 2
320 306 5.62051 1
292 324 5.47324 2
382 328 6.23410 2
235 334 5.57142 1
223 341 5.44870 1
245 343 2.40528 1
267 347 5.22781 1
121 354 0.17181 2
251 354 5.00691 1
237 357 2.28256 1
221 360 2.69981 1
183 364 2.79798 1
341 365 5.22781 1
232 372 2.47891 2
163 374 3.14159 1
235 376 2.77344 1
119 377 0.14726 1
228 380 3.01887 1
343 388 5.00691 1
153 390 6.23410 1
206 392 3.01887 2
244 395 3.43612 1
349 408 4.76148 2
198 421 6.13592 1
183 434 6.18501 1
192 435 3.01887 1
273 436 3.48520 1
196 439 3.14159 1
255 442 0.31907 1
177 446 6.18501 1
294 447 3.85336 2
207 455 6.08684 1
