54
231 48 2.79798 1
327 53 2.69981 2
119 62 3.16614 2
220 81 2.92070 2
344 81 2.69981 2
59 98 0.19635 1
223 120 2.99433 2
194 214 6.23410 2
388 227 5.74322 1
406 238 2.57709 1
355 251 5.59596 1
408 257 5.62051 1
327 270 5.30144 1
258 276 5.32598 1
154 281 0.07363 2
209 288 2.84707 2
251 296 2.55254 1
281 296 4.81056 2
307 296 5.00691 1
277 300 5.15418 2
153 303 0.00000 1
206 303 2.96979 2
265 309 2.40528 2
372 311 5.17872 1
185 313 6.03775 2
258 316 2.96979 1
236 327 2.89616 2
347 330 4.83511 1
403 332 5.30144 1
108 348 0.36816 1
375 351 4.66330 2
230 356 6.13592 1
399 362 4.78602 1
201 371 0.22089 2
205 371 0.02454 2
426 373 4.85965 2
297 374 3.48520 1
205 376 0.02454 2
76 377 3.60792 1
222 378 2.79798 2
279 380 0.31907 1
47 382 0.49087 1
223 387 6.01320 1
317 388 3.75518 2
162 397 6.06229 1
65 403 0.41724 1
405 409 0.98175 2
58 415 3.70610 2
148 422 5.96412 1
96 429 0.24544 2
375 436 0.85903 2
96 439 6.23410 1
234 450 6.08684 1
372 450 0.56450 1
