55
266 23 2.57709 1
215 64 2.79798 1
311 72 2.67526 2
98 76 3.16614 2
198 97 2.92070 2
326 99 2.69981 2
366 99 5.91503 2
200 137 2.99433 2
191 246 6.11138 2
365 246 5.74322 1
383 257 2.57709 1
420 261 5.74322 1
329 267 5.54687 1
385 278 5.69414 1
302 283 5.32598 2
225 292 5.44870 1
245 292 5.64505 1
128 304 0.07363 2
281 305 5.08054 2
265 307 2.30711 2
182 312 2.74889 2
178 313 3.14159 2
254 316 4.76148 2
164 319 0.04909 2
250 319 5.05600 2
240 322 2.28256 1
176 325 3.01887 2
402 325 5.49779 2
124 327 0.04909 1
232 329 3.21522 2
346 329 5.15418 1
240 332 3.48520 1
154 336 6.11138 2
378 341 5.25235 2
314 344 4.88419 2
206 347 2.96979 2
350 372 4.66330 2
71 376 0.36816 1
199 378 6.13592 1
374 383 4.78602 1
411 386 5.69414 1
181 389 6.20955 1
192 390 3.04342 1
402 392 4.85965 2
272 394 3.53429 1
175 395 6.01320 2
197 401 2.92070 2
252 402 0.36816 1
193 404 6.06229 2
292 409 3.73064 2
412 415 1.00629 2
134 428 6.11138 2
380 430 0.98175 2
350 449 0.88357 1
121 455 6.06229 2
