43
263 73 2.60163 2
205 106 2.84707 1
301 110 2.72435 2
95 119 3.06796 2
314 129 2.74889 1
190 140 2.92070 2
39 153 0.19635 1
193 178 3.01887 2
385 204 5.86594 1
165 275 0.02454 2
365 277 5.76777 1
384 288 2.60163 1
332 302 5.64505 1
388 307 5.71868 1
305 325 5.42416 1
234 333 6.13592 1
246 334 2.92070 2
284 337 5.22781 2
135 344 0.07363 2
271 344 2.38074 2
182 347 3.16614 2
177 349 6.06229 1
170 350 2.96979 1
236 352 2.60163 2
260 352 4.93328 2
251 355 1.79169 1
353 359 5.30144 1
184 365 2.99433 2
134 366 0.04909 1
244 366 2.50346 2
389 370 5.32598 2
244 372 2.60163 1
239 374 3.06796 1
165 375 6.06229 2
330 379 4.95783 1
254 382 3.53429 2
210 385 2.94524 2
362 401 4.76148 2
83 402 0.26998 2
391 404 4.98237 2
31 416 0.56450 1
211 419 6.25864 2
408 448 1.27627 1
