99
17 32 0.66268 1
298 41 3.60792 1
224 55 3.65701 1
236 59 0.39270 2
340 66 0.04909 1
138 73 3.70610 1
303 82 0.19635 2
335 82 3.26431 1
116 86 0.49087 1
369 96 6.18501 1
232 124 0.31907 2
283 127 3.43612 2
123 128 3.80427 1
229 134 3.60792 1
243 146 0.36816 1
258 162 0.24544 2
170 168 0.41724 2
219 170 3.65701 1
304 175 3.26431 1
36 180 3.87790 1
372 183 6.13592 1
363 196 6.01320 1
203 199 0.53996 1
17 200 0.83449 1
77 213 3.77973 2
138 225 3.90245 2
17 227 0.80994 1
83 229 0.66268 2
172 238 3.87790 1
360 245 5.71868 1
91 250 3.87790 1
42 251 0.00000 2
109 251 4.00062 1
211 251 3.87790 2
318 252 6.06229 1
134 256 0.83449 2
17 258 4.07425 2
37 258 0.85903 2
52 258 4.17243 2
101 260 0.83449 1
181 264 0.78540 1
55 268 0.68722 1
196 269 0.85903 1
264 273 3.75518 1
38 278 4.51604 2
42 278 4.17243 2
49 283 3.60792 2
135 283 4.07425 1
315 291 4.07425 1
74 292 4.00062 1
264 294 3.90245 1
405 294 5.10509 2
210 297 4.17243 1
356 298 4.68785 2
284 299 3.92699 1
253 304 0.73631 1
204 309 0.90812 2
187 316 0.95720 1
45 325 0.63814 2
271 326 3.87790 2
415 331 4.71239 1
289 342 4.02517 2
252 349 0.80994 1
91 351 0.71177 1
149 352 0.73631 1
342 373 3.95153 2
352 374 0.73631 1
319 376 3.82882 2
201 377 0.78540 1
99 378 0.41724 1
404 379 3.97608 2
121 383 0.41724 2
177 384 0.66268 1
293 385 0.78540 1
308 385 0.58905 2
237 386 0.66268 1
302 390 3.85336 2
277 394 4.17243 2
371 396 3.73064 1
289 397 0.53996 1
36 398 0.24544 2
264 402 4.22152 2
341 405 0.56450 1
193 407 0.14726 1
132 413 0.09817 1
297 415 3.55884 2
313 416 0.71177 2
92 427 0.00000 2
233 433 0.29452 2
27 434 0.00000 2
282 437 0.24544 2
196 439 3.21522 1
256 440 3.36249 1
338 441 0.19635 2
317 443 0.39270 2
157 445 0.00000 2
309 446 0.71177 1
192 459 3.01887 2
183 462 0.31907 2
