90
277 33 3.48520 1
271 35 0.31907 1
282 36 0.04909 1
254 48 3.43612 2
343 68 2.96979 1
193 72 0.26998 1
179 73 3.55884 2
137 74 0.44179 1
292 77 0.04909 1
253 92 0.22089 2
284 92 3.21522 1
320 107 6.13592 1
341 129 3.01887 1
232 138 3.46066 2
72 142 3.80427 1
183 156 0.36816 2
367 161 5.98866 1
380 165 2.82252 1
206 175 0.34361 2
169 177 3.70610 2
120 182 0.44179 2
252 185 3.36249 1
375 191 5.91503 1
320 192 6.18501 1
311 205 6.06229 1
152 213 0.56450 1
47 241 0.68722 1
87 241 3.90245 2
307 250 5.89049 2
427 250 5.42416 1
120 254 3.87790 1
414 255 5.37507 1
263 259 6.20955 2
160 266 3.90245 2
45 267 0.24544 2
283 267 3.09251 2
423 267 2.20893 1
57 268 2.99433 1
85 268 0.78540 2
274 272 6.18501 2
46 274 3.53429 2
138 282 0.66268 1
145 284 0.85903 1
402 286 5.30144 2
213 288 3.80427 1
74 295 4.04971 1
265 296 4.00062 2
355 302 5.10509 2
215 307 3.92699 1
305 307 4.78602 2
22 309 4.14788 1
161 310 4.27060 1
234 313 3.97608 1
204 318 0.78540 1
158 327 0.90812 1
414 327 5.15418 1
136 335 1.00629 1
365 339 4.71239 1
222 341 3.90245 2
241 348 4.04971 1
15 350 0.85903 1
403 350 4.83511 1
204 364 0.85903 1
41 376 0.71177 2
402 381 4.61421 2
306 384 0.83449 1
356 385 4.07425 2
103 386 0.85903 1
154 393 0.80994 1
240 396 0.76085 2
131 401 0.71177 1
70 402 0.36816 2
188 402 0.66268 1
51 403 0.34361 2
325 404 3.82882 1
257 408 3.82882 1
217 425 0.56450 1
275 427 0.53996 1
86 431 0.14726 1
143 431 0.17181 2
19 435 0.14726 1
180 448 0.19635 2
45 450 0.00000 1
162 452 3.36249 1
352 455 0.56450 1
362 455 0.44179 1
272 456 0.49087 2
240 457 0.41724 1
336 459 0.68722 1
291 460 0.31907 1
