103
16 37 1.03084 1
291 37 0.09817 1
28 41 3.63247 2
23 47 0.80994 2
263 47 3.43612 2
351 69 3.01887 1
145 71 0.44179 1
182 71 3.58338 2
201 71 0.31907 1
293 82 6.20955 2
297 88 3.21522 2
261 92 0.17181 2
327 108 6.08684 1
398 115 2.79798 1
96 118 3.73064 1
109 130 0.49087 1
349 132 2.96979 1
186 135 0.29452 2
238 138 3.43612 2
76 140 3.82882 1
184 144 3.65701 1
197 157 0.36816 1
374 164 6.03775 1
385 167 2.87161 1
212 173 0.24544 2
177 175 3.63247 2
124 181 0.46633 2
259 185 3.31340 1
327 192 6.13592 1
382 193 5.91503 1
17 199 0.78540 1
318 205 6.01320 1
157 211 0.53996 1
21 220 0.88357 1
93 238 3.87790 2
16 246 0.85903 1
126 251 3.92699 1
315 253 5.74322 1
65 255 3.85336 2
421 257 5.42416 1
16 259 0.71177 2
274 261 6.08684 1
51 263 0.07363 2
167 263 3.87790 2
90 268 0.83449 2
431 269 2.25802 1
51 273 0.93266 2
152 281 0.85903 1
138 282 0.83449 2
219 285 3.80427 1
410 287 5.27689 2
273 292 4.00062 2
92 295 4.07425 1
27 300 3.73064 1
23 301 0.51542 2
362 301 5.12963 2
31 303 4.02517 1
220 305 3.87790 1
313 305 4.73693 2
168 307 4.22152 1
242 308 3.97608 1
210 314 0.71177 1
161 322 0.93266 2
146 327 0.98175 1
421 327 5.10509 1
228 337 3.92699 2
373 337 4.71239 1
405 347 4.85965 2
248 351 4.02517 2
211 359 0.85903 1
50 364 0.73631 1
108 371 0.71177 2
312 381 0.78540 1
410 381 4.56513 2
365 382 4.04971 2
162 387 0.80994 1
59 391 0.41724 1
247 392 0.73631 2
137 395 0.66268 1
198 395 0.68722 1
80 397 0.44179 2
263 398 3.82882 2
331 403 3.73064 1
226 419 0.56450 1
276 421 0.61359 2
257 424 3.58338 2
94 425 0.14726 1
151 425 0.22089 2
194 441 0.51542 1
26 443 0.09817 1
198 443 0.09817 1
59 446 0.04909 1
160 447 3.31340 1
383 447 3.73064 2
253 449 0.44179 1
210 450 3.36249 1
279 450 0.44179 2
368 452 0.41724 1
25 453 6.18501 1
303 453 0.26998 1
120 456 0.04909 2
291 459 3.36249 1
361 459 5.12963 1
