81
294 45 5.96412 1
287 90 5.71868 1
242 94 6.08684 1
133 96 3.90245 2
393 105 5.22781 1
109 114 0.71177 1
87 120 0.98175 1
154 121 0.63814 2
189 121 3.60792 2
238 125 3.90245 2
393 125 2.13530 2
187 126 3.97608 2
251 129 4.02517 1
129 133 4.17243 2
256 134 4.27060 1
329 135 5.10509 2
378 135 5.22781 1
209 136 3.92699 1
273 142 4.49150 1
175 144 0.95720 1
121 155 0.93266 2
155 155 4.19697 2
107 160 0.95720 1
194 165 3.85336 2
152 172 1.12901 2
339 172 4.66330 1
381 174 5.00691 1
211 180 4.00062 2
372 184 4.83511 2
175 187 0.78540 1
73 211 0.85903 1
260 214 3.90245 2
329 214 4.00062 2
123 217 0.73631 1
276 218 0.71177 2
209 220 0.73631 2
157 224 0.66268 1
376 224 4.49150 2
100 226 0.71177 1
224 226 3.82882 2
250 226 0.85903 1
294 231 3.75518 1
46 234 0.44179 1
399 242 4.78602 2
185 248 0.53996 1
243 252 0.49087 1
424 257 5.10509 1
52 259 0.19635 1
371 267 4.04971 2
113 268 0.31907 2
236 275 0.41724 1
165 276 0.36816 1
323 285 0.44179 1
337 286 0.41724 1
373 288 0.88357 1
379 288 1.93895 1
196 290 0.24544 2
397 290 1.98804 2
47 302 5.47324 2
56 303 3.14159 2
279 306 0.26998 1
119 312 0.00000 1
222 317 0.14726 1
345 319 6.25864 2
244 331 0.14726 1
304 332 0.14726 2
146 336 6.25864 2
183 337 0.00000 1
373 342 2.99433 2
278 345 0.00000 1
347 347 6.18501 2
216 358 6.18501 1
302 358 6.13592 2
264 359 5.96412 1
147 360 3.01887 1
110 366 6.13592 1
151 384 3.87790 2
199 387 6.01320 1
187 395 5.44870 2
157 396 5.35052 1
150 412 5.74322 1
