109
142 39 0.80994 2
81 54 4.56513 1
87 55 3.48520 2
178 58 0.26998 2
167 59 0.39270 1
171 70 3.28885 2
178 70 3.58338 1
301 73 0.31907 2
341 75 3.28885 2
159 78 3.55884 2
185 81 3.73064 2
145 84 3.92699 2
146 90 0.73631 2
74 95 3.87790 1
115 101 0.56450 1
156 102 0.63814 2
297 121 3.63247 2
244 126 0.49087 2
401 126 3.06796 1
245 135 3.73064 1
138 137 3.87790 1
258 148 0.53996 1
422 153 4.95783 2
421 161 6.16047 1
275 163 0.39270 2
379 165 0.04909 2
424 166 5.42416 1
241 167 3.73064 2
324 170 3.43612 1
424 170 2.28256 2
430 173 2.25802 1
188 176 0.46633 2
383 179 6.11138 2
34 181 0.98175 2
18 189 1.71806 2
27 195 0.93266 1
226 204 0.58905 1
99 227 3.90245 2
166 232 3.97608 2
386 233 5.98866 2
14 236 1.12901 1
38 239 0.85903 2
107 242 0.71177 2
199 244 4.00062 1
348 251 6.18501 1
361 252 3.26431 2
239 257 4.00062 2
120 260 4.00062 1
140 260 4.07425 1
162 266 0.88357 2
354 268 6.23410 2
211 271 0.83449 1
131 272 0.90812 1
238 273 0.73631 1
297 276 3.80427 1
86 283 0.83449 1
348 289 4.14788 1
167 291 4.17243 1
390 291 4.78602 2
298 297 3.92699 1
318 300 4.00062 1
242 303 4.27060 1
115 304 4.04971 2
287 308 0.78540 1
236 317 0.95720 2
220 324 0.98175 1
22 325 0.83449 1
309 326 3.92699 2
90 329 3.70610 2
83 337 0.44179 2
330 338 4.09880 2
97 344 0.88357 2
290 351 0.83449 1
130 360 0.78540 1
419 360 0.46633 2
197 365 0.85903 1
384 368 3.97608 2
395 368 0.85903 1
45 377 0.44179 1
330 382 0.78540 2
368 384 0.73631 2
348 386 3.87790 2
141 387 0.56450 1
280 387 0.71177 1
242 389 0.80994 2
218 390 0.71177 1
159 392 0.41724 2
380 392 4.00062 2
28 403 0.26998 1
81 404 0.31907 1
304 407 0.53996 2
390 409 0.68722 1
369 410 0.98175 1
24 419 0.34361 1
233 419 0.22089 2
174 420 0.14726 1
57 429 0.22089 1
23 430 0.19635 1
265 430 0.31907 2
397 431 0.29452 2
286 437 0.19635 1
128 439 0.14726 2
26 441 0.09817 1
242 442 3.26431 1
295 442 3.36249 1
73 443 0.04909 1
349 447 0.53996 1
24 451 0.00000 1
201 451 0.09817 2
