93
308 42 3.01887 1
194 49 3.50975 2
161 66 0.36816 1
338 75 6.18501 1
347 76 3.01887 1
172 83 0.29452 2
132 88 3.63247 2
217 93 3.31340 1
287 100 6.13592 1
350 104 5.84140 1
279 112 5.96412 1
117 121 0.56450 1
273 161 5.79231 1
85 163 3.87790 1
396 163 5.44870 1
376 166 5.54687 2
227 167 6.25864 2
125 174 3.95153 2
390 175 2.89616 1
49 180 0.83449 2
120 193 0.73631 1
369 193 5.32598 2
97 194 0.88357 2
180 195 3.80427 1
322 208 5.12963 2
230 209 4.17243 1
36 210 4.12334 1
271 213 4.81056 2
181 216 3.90245 1
201 219 4.02517 1
126 221 4.27060 1
169 227 0.73631 1
382 235 5.10509 1
124 239 0.98175 1
102 246 1.00629 1
334 246 4.66330 1
188 251 3.92699 2
424 256 4.93328 2
372 257 4.78602 1
212 258 4.09880 2
430 259 2.01258 2
172 273 0.90812 1
371 288 4.66330 2
274 291 0.83449 1
325 292 4.09880 2
71 298 0.90812 1
397 301 4.81056 2
210 305 0.85903 2
296 309 3.87790 1
123 312 0.78540 2
100 313 0.73631 1
157 313 0.71177 1
420 313 5.05600 1
40 315 0.41724 2
229 315 3.87790 1
187 336 0.63814 1
246 336 0.58905 1
376 339 4.04971 1
113 344 0.22089 2
56 345 0.14726 1
387 353 0.98175 2
375 356 0.00000 1
401 356 2.18439 2
155 357 0.41724 1
413 360 2.15984 2
319 361 0.61359 2
243 365 0.49087 2
213 367 0.49087 1
331 369 0.46633 2
82 377 0.00000 2
272 384 0.36816 1
165 391 0.00000 1
352 397 0.14726 1
17 399 6.18501 1
121 399 0.00000 1
228 404 0.22089 1
176 408 3.21522 1
374 413 3.26431 1
316 414 0.22089 1
250 415 0.19635 1
157 417 6.23410 1
56 419 0.09817 1
40 424 0.00000 1
44 424 3.14159 1
189 424 6.23410 1
353 424 0.14726 1
298 425 0.14726 1
289 428 3.55884 1
270 436 6.23410 2
305 436 6.20955 2
220 438 0.00000 2
115 452 6.08684 1
152 455 2.94524 2
