93
241 23 3.38703 1
190 48 0.22089 1
338 52 2.92070 1
287 56 6.23410 1
252 67 0.09817 2
275 70 3.06796 1
316 86 6.08684 1
172 107 0.34361 2
331 107 2.92070 1
219 111 3.41157 2
162 118 3.58338 1
179 128 0.31907 1
200 145 0.19635 1
109 148 0.46633 2
152 150 3.65701 1
233 154 3.31340 1
315 155 6.08684 1
372 171 5.84140 1
301 174 5.96412 1
136 177 0.49087 1
62 203 3.87790 1
44 213 3.87790 1
101 215 3.85336 1
295 220 5.71868 1
142 225 3.90245 2
249 225 6.08684 1
415 229 5.39961 1
63 232 0.78540 2
401 232 5.54687 1
27 238 0.80994 1
192 247 3.73064 1
417 247 2.20893 2
162 251 0.61359 2
81 252 4.22152 2
102 253 3.73064 2
259 255 3.95153 2
278 256 4.73693 2
246 257 3.87790 2
33 258 4.00062 1
84 259 0.95720 2
259 260 4.39332 2
274 260 5.08054 2
195 264 3.87790 1
337 264 5.12963 2
387 264 5.22781 1
139 267 4.17243 1
286 268 4.68785 2
216 269 3.87790 1
185 273 0.71177 1
135 283 0.85903 1
163 285 4.12334 2
114 289 0.90812 1
201 296 3.85336 2
159 297 2.01258 1
392 298 5.00691 2
348 305 4.56513 1
218 311 3.97608 2
381 314 4.78602 2
182 317 0.71177 1
75 331 0.76085 2
16 332 0.76085 2
130 344 0.68722 1
335 347 3.97608 2
217 348 0.68722 2
284 349 0.71177 2
106 352 0.63814 1
163 352 0.58905 1
383 352 4.46695 2
231 356 3.77973 2
28 357 0.34361 2
43 357 0.44179 2
302 360 3.80427 1
413 370 4.71239 1
190 375 0.44179 1
249 381 0.44179 1
56 383 0.14726 1
124 390 0.24544 2
377 397 4.02517 2
240 412 0.46633 2
189 413 0.29452 2
329 414 0.41724 1
379 417 0.88357 1
385 417 1.93895 1
360 419 0.61359 1
265 429 0.26998 2
254 430 3.87790 1
124 432 0.00000 1
258 432 3.11705 2
230 441 0.14726 1
353 447 0.00000 2
155 451 0.00000 1
252 456 0.14726 1
189 458 6.18501 1
