79
297 41 0.66268 2
387 50 0.04909 1
211 53 0.31907 2
182 80 3.58338 1
154 81 3.58338 2
173 84 0.41724 1
144 89 0.53996 1
142 101 3.43612 2
226 110 3.26431 1
172 128 0.09817 1
87 137 4.14788 1
90 141 2.99433 2
170 146 3.36249 1
283 147 3.01887 1
136 151 0.36816 2
73 155 1.05538 2
205 156 0.04909 1
232 174 3.26431 1
268 200 0.00000 1
281 200 3.14159 1
133 201 3.68155 2
287 224 6.08684 1
394 226 2.69981 1
96 231 0.58905 1
229 238 0.14726 1
114 246 0.49087 2
161 247 3.60792 1
75 251 3.80427 1
225 252 0.00000 1
405 257 5.66959 1
420 268 2.50346 1
356 269 5.79231 1
345 276 5.76777 1
357 283 2.60163 1
72 294 0.78540 1
239 299 6.08684 1
344 306 5.66959 2
219 317 3.46066 2
202 319 0.09817 1
213 325 0.19635 2
420 330 2.28256 1
314 334 5.39961 1
370 341 5.42416 1
99 344 4.07425 2
213 348 4.29515 2
256 348 5.10509 2
226 351 4.49150 1
161 352 4.04971 1
233 352 4.71239 1
420 355 5.25235 2
362 362 5.12963 2
329 364 5.00691 1
79 370 0.90812 2
169 371 4.14788 1
188 371 4.29515 1
62 373 1.15355 2
430 381 2.01258 1
118 384 4.34423 1
160 385 0.98175 1
377 395 4.98237 2
186 400 4.22152 2
411 401 5.15418 1
116 403 1.10447 1
211 407 4.39332 2
339 416 4.34423 1
96 420 1.32536 1
285 420 1.12901 1
313 431 4.12334 1
167 438 0.95720 1
392 441 4.31969 2
163 447 3.82882 1
245 447 4.14788 2
225 448 1.05538 2
418 451 2.30711 1
401 452 0.00000 1
405 452 3.14159 1
152 459 1.00629 2
174 462 0.85903 1
386 463 1.17810 1
