34
246 108 0.19635 1
260 115 3.43612 2
224 139 0.46633 2
219 142 3.63247 2
260 147 3.53429 2
238 163 0.39270 2
213 181 3.73064 2
187 184 3.90245 1
252 184 0.04909 2
198 187 0.07363 1
306 187 5.74322 1
283 212 5.42416 2
257 229 4.58967 2
290 241 5.10509 1
260 250 4.63876 2
251 260 4.29515 1
236 262 4.44241 1
265 262 4.73693 2
262 275 4.44241 2
231 280 1.15355 2
265 290 4.71239 2
252 292 1.10447 1
270 294 1.93895 1
187 297 0.88357 1
281 299 2.69981 2
236 312 0.58905 1
295 313 3.01887 1
205 323 0.53996 2
262 328 0.19635 2
175 346 6.13592 1
278 348 0.07363 2
249 351 0.09817 1
249 355 6.18501 1
254 369 6.13592 1
