33
201 95 3.73064 2
182 111 0.66268 1
223 120 0.19635 2
181 131 4.44241 1
275 145 5.62051 2
247 162 4.61421 1
285 167 5.32598 1
265 181 4.88419 1
276 188 5.15418 2
251 195 4.61421 1
242 196 4.51604 2
265 211 4.56513 1
276 214 4.61421 1
236 222 1.34990 2
291 226 2.33165 2
280 227 0.85903 2
264 228 1.34990 2
307 244 3.06796 2
273 245 0.36816 1
245 248 0.95720 2
196 249 1.17810 2
226 261 1.03084 1
247 268 0.56450 1
166 269 0.90812 2
183 274 0.73631 1
311 277 0.02454 2
224 281 0.46633 2
207 284 0.51542 2
184 290 0.44179 2
212 298 0.09817 1
316 306 0.07363 1
208 361 0.41724 2
246 403 6.18501 1
