31
197 112 3.48520 1
281 125 2.89616 1
303 146 2.72435 2
204 150 3.73064 1
157 157 3.85336 1
182 169 0.63814 2
335 169 0.22089 1
274 171 5.96412 1
298 172 5.59596 1
218 178 0.22089 2
293 178 2.62618 2
175 183 4.02517 1
263 201 5.57142 2
329 216 2.20893 1
237 222 4.49150 1
267 226 5.20326 2
246 237 4.83511 2
252 248 4.90874 2
226 255 4.31969 2
240 256 4.36878 2
246 273 4.39332 1
253 274 4.44241 2
215 281 1.20264 2
270 288 2.25802 2
314 288 2.50346 2
259 289 2.87161 2
159 304 0.93266 2
305 314 2.84707 2
340 318 2.38074 2
326 322 2.94524 2
235 442 6.13592 2
