39
224 112 0.22089 1
237 116 3.48520 1
195 143 0.80994 1
200 144 0.56450 1
246 151 3.80427 1
199 154 4.07425 2
188 169 0.90812 2
314 171 5.96412 1
223 174 0.71177 2
259 182 0.26998 2
217 189 4.07425 1
305 199 5.76777 2
193 205 0.98175 2
323 225 5.30144 1
286 227 4.56513 1
298 238 4.88419 2
383 241 5.54687 2
310 249 5.10509 1
291 254 4.51604 1
277 255 4.49150 1
303 272 4.51604 1
272 280 1.25173 2
376 283 2.67526 2
328 287 2.89616 2
300 293 1.05538 2
344 297 3.26431 1
365 302 3.21522 1
229 308 1.17810 1
279 312 0.88357 2
310 312 0.46633 2
362 314 0.04909 1
372 328 3.26431 2
257 330 0.83449 2
281 331 0.53996 1
338 335 0.24544 2
256 343 0.39270 2
321 347 0.14726 1
329 357 0.07363 2
247 359 0.09817 1
