33
118 82 0.49087 2
157 83 0.41724 1
118 95 0.19635 2
166 95 3.50975 2
137 102 0.26998 1
109 103 3.48520 1
120 112 3.46066 2
201 124 0.14726 1
108 136 4.00062 1
236 145 5.49779 1
207 166 4.29515 1
242 174 5.05600 1
220 186 4.56513 1
190 191 4.22152 1
204 193 4.29515 1
224 195 4.83511 1
210 215 4.44241 1
177 220 1.03084 2
127 235 0.90812 1
204 235 0.90812 2
230 235 2.62618 2
179 247 0.58905 2
87 251 0.76085 2
152 256 0.66268 1
206 257 0.24544 2
100 266 0.51542 2
173 268 0.31907 1
145 276 0.29452 2
124 278 0.34361 2
102 281 0.14726 1
191 286 6.13592 1
116 298 0.07363 2
123 350 0.17181 2
