35
205 205 3.82882 2
250 206 3.70610 1
230 222 0.56450 2
269 232 0.09817 2
168 237 4.09880 1
219 237 3.90245 1
182 244 4.14788 2
202 245 0.66268 1
305 258 5.47324 2
278 277 4.34423 1
313 285 5.05600 1
291 298 4.49150 1
290 303 4.81056 2
260 306 4.17243 1
271 311 4.27060 1
281 327 4.22152 1
287 330 4.36878 2
246 333 0.98175 2
274 343 0.88357 2
292 344 1.32536 2
303 344 2.15984 2
190 349 0.83449 2
313 357 2.96979 1
248 358 0.61359 2
278 364 0.26998 2
220 371 0.56450 2
239 382 0.31907 2
213 385 0.26998 2
191 387 0.29452 2
298 392 6.20955 2
261 396 6.25864 2
182 408 0.09817 2
277 411 6.13592 2
271 427 3.01887 2
276 451 6.01320 1
