33
162 77 0.19635 1
168 90 3.48520 1
133 109 0.46633 2
125 114 3.50975 2
175 114 3.63247 2
148 137 0.51542 2
239 137 5.98866 2
183 144 0.22089 1
138 149 3.65701 1
221 166 5.54687 2
195 186 4.27060 1
230 191 5.15418 1
202 198 4.66330 2
207 212 4.88419 2
191 213 4.29515 1
176 214 4.22152 1
194 231 4.34423 2
165 238 1.03084 2
268 245 2.42983 1
223 250 2.72435 2
192 252 1.12901 2
115 254 0.88357 1
233 262 3.06796 1
174 270 0.58905 2
253 270 3.01887 1
201 273 0.19635 1
139 278 0.56450 2
244 281 6.23410 1
137 293 5.42416 1
149 293 3.31340 2
251 296 3.14159 2
213 298 0.07363 2
135 306 3.01887 1
