40
270 191 2.38074 1
209 199 2.69981 2
169 207 2.82252 2
163 210 6.11138 2
139 224 3.23977 2
216 234 5.49779 1
235 238 2.45437 2
369 253 1.79169 2
345 263 5.15418 2
369 269 5.20326 1
178 273 2.57709 2
130 275 3.82882 2
283 294 5.10509 1
131 307 4.85965 2
145 320 5.10509 1
122 321 4.88419 1
114 331 4.78602 2
345 332 5.15418 2
283 336 1.88986 1
155 354 5.15418 1
177 355 2.01258 2
215 356 5.12963 2
99 361 5.05600 1
102 370 1.88986 1
132 376 5.27689 1
258 377 2.08621 2
211 379 1.93895 1
143 394 2.11076 1
131 398 2.06167 1
163 400 2.13530 1
200 408 2.45437 2
218 412 2.57709 2
262 419 2.52800 1
104 420 2.23348 1
240 421 2.79798 1
154 426 2.65072 2
186 430 2.69981 1
256 440 2.84707 1
137 455 2.84707 2
264 458 2.84707 1
