52
326 158 3.06796 1
281 172 3.31340 1
262 176 0.31907 2
294 182 0.04909 1
355 190 5.98866 2
378 191 2.84707 2
262 209 3.65701 1
330 243 2.82252 2
251 245 4.14788 2
287 273 4.36878 2
217 282 4.34423 2
303 285 5.32598 1
321 291 5.64505 2
339 302 2.65072 2
246 303 4.76148 2
409 304 5.57142 2
261 306 5.05600 1
336 307 5.91503 2
220 312 4.54058 2
361 316 2.52800 1
296 319 5.44870 2
343 321 5.74322 1
317 322 5.64505 2
416 327 2.38074 1
221 336 5.05600 2
218 341 4.49150 2
329 342 5.74322 1
345 352 2.57709 1
224 354 1.88986 2
372 357 2.65072 2
236 360 2.20893 2
412 360 2.67526 1
334 361 2.57709 2
213 362 6.01320 1
310 373 2.57709 1
364 377 2.89616 1
291 379 2.74889 2
409 381 2.89616 2
233 386 2.87161 2
283 386 0.31907 2
279 387 0.22089 2
313 388 2.94524 2
224 391 3.36249 1
354 393 3.06796 1
248 401 3.14159 2
340 409 3.06796 2
297 410 3.11705 2
371 414 6.23410 1
390 415 3.06796 1
369 434 3.14159 2
337 441 3.60792 2
337 449 0.34361 2
