55
279 161 5.54687 1
145 164 0.49087 1
289 167 5.62051 2
322 171 2.60163 2
136 172 4.00062 1
225 185 2.84707 2
304 185 2.45437 2
129 212 4.39332 2
159 216 4.56513 1
326 222 5.79231 1
197 225 5.64505 1
221 227 5.71868 2
190 232 5.47324 2
266 250 2.55254 1
244 251 5.71868 1
191 256 5.57142 2
156 264 5.39961 1
101 271 4.81056 2
135 273 5.10509 2
227 274 5.71868 1
184 275 5.59596 1
190 280 2.42983 1
279 293 2.67526 2
123 294 5.00691 2
253 295 2.55254 2
240 297 2.55254 1
272 317 3.01887 1
135 319 5.42416 2
221 323 2.74889 1
131 329 4.44241 1
204 332 2.74889 1
158 335 2.47891 1
144 336 2.03713 1
266 340 3.26431 1
201 343 2.96979 1
175 344 2.96979 1
227 346 3.26431 1
307 354 3.43612 1
204 358 3.23977 2
135 359 0.49087 1
290 359 0.26998 1
260 360 3.48520 2
146 362 0.14726 2
162 368 3.38703 1
215 374 3.43612 1
292 375 3.48520 1
305 378 0.29452 2
132 380 0.44179 1
179 380 3.60792 1
159 382 3.65701 1
272 406 3.53429 2
142 417 0.44179 1
336 431 0.44179 1
313 434 3.63247 2
326 461 3.65701 1
