39
359 196 5.96412 1
270 201 3.31340 1
376 213 2.92070 2
290 222 3.38703 1
315 232 3.16614 2
342 234 6.11138 2
369 253 2.89616 1
332 274 3.23977 2
313 279 0.24544 1
332 286 3.28885 2
205 290 0.44179 1
383 308 3.26431 2
365 314 0.07363 2
309 320 0.14726 2
282 345 3.58338 1
353 366 3.09251 2
301 372 0.19635 2
266 374 3.68155 2
296 374 3.80427 2
208 376 3.65701 1
303 378 3.97608 1
344 388 5.39961 1
218 398 3.87790 2
314 401 5.10509 1
246 407 4.34423 2
303 409 5.10509 2
411 411 5.15418 1
273 413 4.71239 1
370 419 2.30711 1
353 422 5.42416 1
209 423 4.07425 1
420 433 2.13530 2
291 435 5.05600 1
209 441 4.98237 2
331 445 4.93328 1
204 450 4.04971 2
298 455 2.03713 2
339 460 2.18439 2
365 464 2.42983 2
