43
209 86 0.22089 1
252 108 3.14159 2
175 109 0.58905 1
270 113 2.77344 1
170 117 0.44179 1
330 120 2.62618 1
296 132 5.86594 1
316 148 2.79798 1
146 152 4.12334 1
249 164 6.23410 1
266 165 3.06796 1
143 166 0.56450 1
266 176 3.14159 1
134 182 0.63814 1
209 189 0.04909 2
215 190 3.38703 1
235 203 0.07363 2
297 207 5.86594 2
316 210 2.79798 2
209 219 3.58338 2
177 244 3.80427 1
173 247 0.63814 1
380 250 5.27689 1
192 257 3.90245 1
234 260 3.73064 1
281 261 2.62618 2
248 300 5.17872 1
240 309 5.05600 2
262 310 5.27689 1
373 310 5.57142 1
381 317 2.18439 2
175 318 4.51604 1
228 319 5.03146 2
198 322 4.78602 1
275 341 5.30144 1
331 341 5.15418 1
293 343 2.13530 1
216 345 5.15418 1
221 356 1.98804 1
254 361 5.17872 1
265 390 2.06167 2
255 392 2.06167 1
288 392 2.13530 1
