37
233 256 6.18501 1
252 258 3.01887 1
244 269 3.01887 1
196 279 3.38703 1
174 283 0.29452 2
207 295 0.09817 2
274 302 5.96412 2
290 303 2.74889 2
176 315 3.60792 1
148 334 6.01320 1
251 341 2.89616 1
144 342 0.83449 2
162 353 3.95153 2
201 355 3.68155 2
114 358 3.92699 2
184 362 0.22089 1
190 372 4.14788 1
217 388 5.17872 1
116 390 4.17243 2
234 392 5.27689 2
209 398 5.03146 2
162 409 4.78602 2
150 414 4.71239 1
199 418 5.05600 2
117 419 4.31969 2
244 426 5.30144 1
302 426 5.17872 1
262 427 2.15984 1
182 435 5.30144 1
346 439 2.15984 1
224 442 5.22781 2
188 444 2.13530 1
110 446 4.46695 2
117 447 4.95783 1
305 448 2.06167 1
323 453 5.44870 1
195 456 5.15418 1
