56
259 108 3.21522 1
133 129 4.12334 1
365 135 2.42983 2
277 138 3.16614 2
298 146 2.99433 2
138 153 0.66268 2
328 154 5.93957 2
396 163 2.40528 2
357 172 2.82252 2
175 188 0.36816 1
301 189 3.21522 1
282 190 0.04909 1
301 196 3.28885 2
426 199 5.37507 1
235 218 0.19635 2
258 219 3.31340 2
411 219 2.52800 2
274 222 0.09817 1
150 226 3.60792 2
245 239 3.53429 2
324 261 2.96979 2
230 274 3.82882 2
275 277 3.65701 2
167 279 4.04971 2
295 280 3.43612 1
311 292 5.62051 2
281 309 5.15418 2
175 313 4.12334 1
208 323 4.63876 2
270 323 5.12963 2
236 326 4.95783 1
182 342 4.19697 2
259 349 5.30144 1
301 354 5.12963 2
179 360 4.41786 2
266 360 2.13530 1
173 366 4.31969 2
308 377 1.98804 1
293 379 2.06167 1
339 379 2.08621 2
176 382 2.57709 2
147 386 6.20955 2
190 388 2.20893 2
156 390 6.03775 2
363 398 2.30711 2
261 399 2.23348 1
201 400 2.50346 2
240 401 2.28256 1
163 408 2.89616 1
229 408 2.55254 1
313 410 2.57709 2
245 419 2.84707 1
346 422 2.69981 2
216 424 2.79798 1
285 434 2.79798 2
264 445 2.99433 2
